-10001.182
-10001.182
-9999.0982
-9998.0871
-9990.493400000001
-10001.182
-10001.182
-10001.182
-10001.182
-10001.182
-10001.182
-10013.262200000001
-10001.182
-10001.182
-10001.182
-10001.182
-10001.182
-10001.182
-10001.182
-10001.182
-10001.182
-10001.182
-10001.182
-10193.599999999999
-10001.182
-10001.182
-10002.1888
-10001.182
-10002.1872
-10001.182
-10001.182
-10001.182
-10001.182
-10001.182
-10001.182
-10001.182
-10001.182
-10001.182
-10002.121500000001
-10001.182200000001
-10000.1789
-10003.1838
-10001.1042
-10000.1789
-10001.182
-10001.088
-9991.4536
-10001.182
-10001.182
-9991.3961
-10001.0858
-10003.1221
-10000.1789
-10001.182
-10001.182
-10001.182
-9894.900000000001
-10002.121500000001
-10001.182
-10001.182
-10001.182
-10001.182
-10001.182
-9998.1906
-10002.1821
-10305.4
-10001.1224
-10001.0858
-9999.2024
-10000.1556
-10003.090400000001
-10001.1206
-10002.121500000001
-10002.183500000001
-10000.1338
-10000.2006
-10001.3304
-10003.1261
-10001.182
-10001.182
-10001.182
-10001.182
-10001.182
-10001.182
-10001.182
-10001.182
-10298.8
-10001.182
-10000.1821
-10001.1222
-10001.182
-10001.182
-10002.1201
-10000.1825
-10395.599999999999
-10001.182
-10001.182
-10002.182200000001
-10002.1844
-10002.1821
-10001.182
-10001.182
-10000.1915
-10000.1789
-10001.182
-10002.1823
-10001.182
-10003.189
-10002.1888
-10301.3
-10001.182
-10001.182
-10430.3
-10299.8
-10002.1836
-10003.1937
-10001.182
-10001.088
-10002.1826
-10001.182
-10001.0863
-10001.182
-10001.182
-10001.182
-10001.182
-10001.182
-10002.1866
-10001.182
-10012.286
-10002.1888
-10001.182
-10000.1834
-10000.1915
-10003.1837
-10001.182
-10296.9
-10002.1826
-10000.2256
-9998.189400000001
-10001.1986
-10001.182
-10002.1842
-10000.184000000001
-10494.3
-10000.197400000001
-10001.182
-10001.182
-10001.182
-10001.2223
-10002.2348
-10001.1838
-10002.1838
-10014.3212
-10002.1839
-10001.182
-10001.182
-9518.2
-10001.2383
-10001.1847
-10002.1825
-10002.1837
-10001.182
-10004.1838
-10002.1826
-10001.182
-10013.306400000001
-10002.1888
-10001.182
-10001.197100000001
-10003.1852
-10000.1915
-10299.8
-10002.1824
-8999.2674
-9991.474900000001
-10013.308200000001
-10444.8
-10000.2322
-10001.2323
-10002.1201
-10001.2345
-10000.1823
-10001.182
-10002.1821
-10299.3
-10001.182
-10000.1789
-10001.182
-10002.1832
-10000.297700000001
-10194.8
-10001.182
-10001.182
-10001.182
-10002.1872
-10002.1872
-10311.0
-10001.182
-10002.1854
-10000.2729
-10001.182
-10000.2322
-9997.1922
-10000.2311
-10001.182
-10000.182200000001
-10000.1841
-10001.182
-10001.182
-10001.182
-10002.1841
-9898.5
-9999.201500000001
-10001.182
-10000.184500000001
-10001.1598
-10000.2203
-10000.1789
-8999.2631
-10002.1823
-10001.182
-10001.1952
-10001.182
-10004.1874
-10296.099999999999
-10002.199
-10001.182
-10001.182
-10000.1824
-10000.1789
-10012.2894
-10296.9
-10003.1893
-10001.182
-10001.188900000001
-10001.1794
-10010.3946
-10002.1872
-10001.182
-10003.1852
-10002.189
-10001.182
-10001.182
-10001.182
-10002.184500000001
-10001.1181
-10001.182
-10001.182
-10361.8
-10001.182
-10001.182
-10002.1866
-10001.182
-10000.297700000001
-10001.088
-10001.182
-10000.1964
-10001.182
-10002.084200000001
-10000.2322
-10000.1964
-10003.1895
-10000.2322
-10001.198
-10001.182
-10003.183
-10001.182
-10001.182
-10001.2333
-10000.2322
-10003.2836
-10298.0
-10002.279700000001
-10001.182
-10000.2322
-10002.1888
-10002.1821
-10001.182
-10000.217700000001
-10002.182200000001
-10001.182
-10001.182
-10001.1874
-10000.2203
-10001.182
-10001.182
-10001.182
-10001.182
-10296.9
-10001.182
-10001.182
-10001.1825
-10001.182
-10001.182
-10003.1842
-10002.1888
-10001.182
-10002.2325
-10000.1834
-10000.2322
-10002.189
-10000.1908
-10003.2412
-10002.189
-10002.189
-10002.189
-10304.9
-10002.189
-10002.189
-10002.189
-10002.189
-10001.182
-10000.182700000001
-10001.182
-10001.182
-10001.182
-9999.221800000001
-10001.182
-10002.1836
-10000.1824
-10002.1861
-10000.1964
-10002.1826
-10000.086000000001
-10001.182
-10001.182
-10002.182700000001
-10002.189
-10000.1964
-10014.3909
-10001.182
-10002.1832
-10001.182
-10001.182
-10001.182
-10001.182
-10001.182
-10296.9
-10296.9
-10001.182
-10001.182
-10001.182
-10002.1836
-10000.239300000001
-10001.2032
-10001.182
-10001.182
-10296.9
-10001.182
-10001.182
-10298.5
-10002.182200000001
-10000.2729
-10001.182
-10001.182
-10001.182
-10000.1964
-10002.1844
-10001.182
-10003.1866
-10001.182
-10000.1846
-10001.182
-10000.1915
-10001.1546
-10001.182
-10001.182
-10001.182
-10003.188900000001
-10000.2322
-9990.4516
-10000.297700000001
-10001.182
-10001.1986
-10000.2126
-10001.182
-10011.2882
-9999.2358
-10001.182
-10001.182
-10001.182
-10002.220000000001
-10003.2805
-9000.206900000001
-10000.297700000001
-10002.1855
-9989.587500000001
-10001.182
-10001.182
-10002.183
-10000.297700000001
-10001.182
-10001.182
-10001.182
-10001.182
-10003.186300000001
-9998.0893
-10002.1854
-10001.182
-10001.182
-10002.182200000001
-10001.182
-10001.182
-9998.086800000001
-10000.1789
-10012.3063
-10003.1895
-9424.000000000002
-9999.1803
-10002.1888
-10000.2203
-10002.1855
-10001.182
-10001.182
-10000.2322
-20014.4654
-10002.1821
-10000.2203
-10001.1825
-10001.182
-10002.1836
-10001.182
-10000.1789
-10000.1789
-10000.182200000001
-10002.1825
-10001.182
-10001.182
-10001.182
-10002.279700000001
-10001.182
-10001.182
-10002.1832
-10001.182
-10334.199999999999
-8988.3718
-10001.182
-10001.182
-10002.1844
-10001.182
-10002.1823
-10001.182
-10001.197
-10001.182
-10001.182
-10000.2322
-10001.182
-9999.1221
-9988.519600000001
-10002.1823
-10312.5
-10001.1885
-10001.182
-10001.182
-10001.182
-10001.182
-10296.9
-10001.182
-10296.9
-10001.182
-10001.182
-10000.1841
-10000.1834
-10002.1839
-10001.182
-10003.282000000001
-10012.3858
-10002.1831
-10001.182
-10002.189
-10002.280200000001
-9990.472800000001
-10000.1823
-10003.1227
-8995.467
-10298.0
-10001.2323
-10001.182
-10001.182
-10002.1866
-10001.188
-10002.1866
-10002.1866
-10002.1866
-10000.1837
-10296.9
-10001.199
-10000.183500000001
-10001.1749
-10002.0951
-10000.1867
-10001.1842
-10002.189
-10002.1844
-10002.1844
-10002.1844
-10002.1844
-10002.1821
-10001.182
-10000.1934
-10001.182
-10000.182200000001
-10001.182
-10001.182
-10002.1854
-10001.182
-10001.182
-10001.182
-10001.182
-8995.612000000001
-10001.182
-9997.1401
-10002.2391
-10000.1789
-10001.182
-10002.184500000001
-10001.182
-9999.2199
-10002.1861
-10002.184000000001
-10002.1828
-10001.182
-10001.182
-10001.182
-10001.182
-10001.182
-10298.099999999999
-10002.1872
-10000.1824
-10000.191
-10296.9
-10002.1834
-10001.182
-10296.9
-10298.099999999999
-10001.182
-10001.182
-10000.2203
-10001.182
-10001.182
-10000.2502
-10000.1836
-9999.1919
-10001.182
-9999.1848
-10001.182
-10002.1828
-10002.1201
-10001.182
-10000.1789
-10001.182
-10001.182
-10001.180900000001
-10001.197
-10001.182
-10005.2032
-10002.1826
-10001.182
-10002.189
-10000.1789
-10002.1824
-10000.1789
-10001.182
-10001.182
-10001.182
-10002.1825
-10002.182200000001
-10001.182
-10000.1789
-10297.3
-10001.182
-10000.217700000001
-10001.182
-9801.5
-10002.182700000001
-10003.120200000001
-10001.182
-10001.19
-9999.1221
-10001.182
-9990.473800000002
-10001.182
-10001.1862
-9999.1951
-9999.1995
-10001.182
-10001.182
-10003.185
-10002.1821
-10001.1967
-10002.1825
-10002.1825
-9999.1995
-10001.1224
-10002.183500000001
-10203.3
-10001.1042
-10001.182
-10001.182
-10001.182
-10002.1833
-10000.1834
-10000.1821
-10002.188100000001
-10001.182
-10001.0844
-10001.182
-10002.1866
-10003.1897
-10000.1789
-10001.182
-10001.182
-10002.1841
-10001.182
-10000.2203
-10001.182
-9999.2403
-10001.182
-10002.189
-10002.1826
-10000.1837
-10002.1844
-9999.2427
-10001.2818
-10000.197400000001
-10001.0844
-10003.1831
-10003.1882
-10012.287400000001
-10001.182
-10000.191
-10001.182
-10001.182
-10002.121500000001
-10299.9
-10000.246000000001
-10002.1855
-10001.182
-10001.182
-10002.182200000001
-10001.182
-10002.183
-10001.182
-10001.182
-10001.182
-10002.1861
-10002.1823
-10002.182200000001
-10003.1847
-10002.1831
-9448.5
-10002.182200000001
-10012.383600000001
-10002.1836
-10003.1873
-10000.1825
-10001.182
-10002.182200000001
-10002.1855
-10003.189400000001
-9990.473800000002
-10003.187600000001
-10002.1836
-10000.1964
-10001.182
-10001.1839
-10001.1836
-10002.279700000001
-9999.1968
-10001.202500000001
-10000.1834
-10003.1829
-10001.182
-10001.182
-10002.1201
-10001.182
-10002.1836
-10002.1826
-10002.1826
-10001.182
-10001.182
-10001.182
-10000.1915
-10001.182
-10001.182
-10001.182
-10001.182
-9723.900000000001
-10002.1873
-10002.1855
-10001.182
-10000.2322
-10004.1873
-10001.182
-10002.279700000001
-10002.182200000001
-10001.202500000001
-10002.1996
-10296.9
-10002.1826
-10001.182
-10001.182
-10000.1789
-10002.1795
-10002.189
-10000.1789
-10000.1789
-9999.2909
-10001.182
-10001.182
-10000.187100000001
-10001.182
-10001.182
-10000.1841
-10002.1833
-10299.199999999999
-10003.1214
-10002.0879
-10002.1833
-10001.1855
-10003.1879
-10001.182
-10203.3
-10002.1821
-10000.1821
-10001.182
-10002.299500000001
-10001.1828
-10002.1888
-10002.189
-10001.182
-10001.182
-10001.182
-10002.1821
-10000.228500000001
-10001.182
-10002.189
-10002.1836
-10002.279700000001
-10001.182
-10002.189
-10001.182
-10002.1821
-10002.1836
-10001.1919
-10001.1872
-10001.1916
-10003.1828
-9999.1967
-10001.1975
-10001.182
-10002.182200000001
-10001.182
-10000.191
-10001.182
-10001.182
-10002.2001
-10012.383600000001
-10010.1877
-10001.182
-10001.182
-10002.1841
-10000.1867
-9990.513200000001
-10001.182
-10001.182
-10001.182
-10002.1888
-10001.182
-10000.1915
-10001.182
-10001.182
-10003.1924
-10002.182700000001
-10001.182
-10001.182
-9990.545600000001
-10002.1888
-10001.182
-10001.182
-10001.182
-10001.182
-10000.1964
-10000.1821
-10001.182
-10002.1988
-10002.1829
-10001.182
-10000.252700000001
-9999.2317
-9999.134
-10001.182
-10001.182
-10000.1964
-10002.1843
-10002.1832
-10001.182
-10001.182
-10001.182
-10002.1836
-10001.182
-10001.182
-10002.1836
-10002.1836
-10002.1836
-10000.2741
-9999.2348
-10000.2409
-9999.1852
-10000.1846
-10000.2349
-10000.1846
-10300.3
-10001.182
-10003.2799
-10001.182
-10296.9
-10000.1789
-10001.182
-10003.1958
-10002.1905
