375.7
419.59999999999997
497.09999999999997
374.59999999999997
375.9
419.59999999999997
419.59999999999997
653.0
399.9
186.10000000000002
352.59999999999997
110.4
451.0
677.4000000000001
419.59999999999997
213.3
464.4
165.5
99.9
394.79999999999995
496.9
19.8
213.3
426.5
217.7
200.4
116.1
358.29999999999995
378.9
496.9
402.9
419.59999999999997
186.10000000000002
186.10000000000002
403.59999999999997
419.59999999999997
399.9
186.10000000000002
419.59999999999997
186.10000000000002
495.79999999999995
338.7
98.60000000000001
373.7
188.8
375.7
399.9
417.59999999999997
185.4
337.59999999999997
337.59999999999997
381.5
374.59999999999997
401.7
186.10000000000002
186.10000000000002
186.10000000000002
186.10000000000002
186.10000000000002
186.10000000000002
186.10000000000002
369.90000000000003
369.90000000000003
186.10000000000002
186.10000000000002
204.3
186.10000000000002
186.10000000000002
186.10000000000002
186.10000000000002
204.3
186.10000000000002
188.60000000000002
186.10000000000002
419.59999999999997
374.59999999999997
399.9
399.9
374.59999999999997
419.59999999999997
499.29999999999995
418.79999999999995
421.4
399.9
324.5
375.4
322.5
322.29999999999995
496.9
342.2
419.59999999999997
419.59999999999997
419.59999999999997
419.59999999999997
419.59999999999997
419.59999999999997
419.59999999999997
419.59999999999997
419.59999999999997
438.09999999999997
419.59999999999997
605.7
420.9
419.59999999999997
419.59999999999997
421.09999999999997
419.59999999999997
419.59999999999997
419.59999999999997
421.4
653.0
671.2
536.3
516.5999999999999
419.59999999999997
422.59999999999997
419.59999999999997
419.59999999999997
517.5
421.2
419.59999999999997
422.09999999999997
419.59999999999997
419.59999999999997
419.59999999999997
437.79999999999995
419.59999999999997
419.59999999999997
419.59999999999997
419.59999999999997
438.09999999999997
422.0
419.59999999999997
419.59999999999997
419.59999999999997
418.79999999999995
418.7
419.59999999999997
419.59999999999997
419.59999999999997
419.59999999999997
419.59999999999997
419.59999999999997
419.59999999999997
435.0
419.59999999999997
622.1999999999999
425.9
399.5
187.7
186.10000000000002
419.59999999999997
419.59999999999997
403.4
379.29999999999995
384.59999999999997
375.9
399.9
399.9
399.9
593.9
402.29999999999995
399.9
399.9
496.9
399.5
399.9
399.9
399.9
403.0
401.59999999999997
439.2
407.9
458.9
186.10000000000002
356.0
513.8
419.59999999999997
419.59999999999997
416.29999999999995
376.0
399.9
336.2
430.0
375.5
339.29999999999995
352.59999999999997
352.59999999999997
97.10000000000001
432.09999999999997
419.59999999999997
186.10000000000002
186.10000000000002
399.9
375.5
374.59999999999997
196.10000000000002
186.10000000000002
394.79999999999995
488.99999999999994
342.2
204.3
488.99999999999994
378.2
404.79999999999995
374.59999999999997
374.59999999999997
374.59999999999997
374.59999999999997
374.59999999999997
407.9
446.29999999999995
446.29999999999995
374.59999999999997
374.59999999999997
374.09999999999997
168.3
413.9
373.79999999999995
375.9
374.59999999999997
165.9
379.7
446.29999999999995
374.59999999999997
384.59999999999997
446.29999999999995
384.59999999999997
374.59999999999997
336.4
407.4
591.2
401.0
186.10000000000002
374.59999999999997
420.79999999999995
516.3
517.7
401.09999999999997
186.10000000000002
185.2
419.79999999999995
375.9
401.2
419.59999999999997
136.7
447.4
374.59999999999997
186.10000000000002
419.59999999999997
420.79999999999995
89.60000000000001
446.29999999999995
377.2
399.09999999999997
419.59999999999997
352.59999999999997
131.0
374.59999999999997
378.2
187.2
126.7
186.10000000000002
419.59999999999997
458.9
352.59999999999997
342.2
343.9
416.5
315.29999999999995
315.29999999999995
315.29999999999995
513.2
389.4
374.59999999999997
399.9
99.8
378.09999999999997
402.9
403.4
313.4
419.59999999999997
568.5
399.9
400.79999999999995
303.5
435.0
51.5
413.9
382.29999999999995
374.59999999999997
419.59999999999997
186.10000000000002
488.99999999999994
378.9
410.19999999999993
399.9
399.9
314.7
186.10000000000002
419.59999999999997
186.10000000000002
374.59999999999997
423.7
488.99999999999994
186.10000000000002
186.10000000000002
169.10000000000002
186.10000000000002
186.10000000000002
186.10000000000002
421.5
399.9
399.9
399.9
448.59999999999997
399.9
391.0
186.10000000000002
193.0
439.2
186.10000000000002
399.9
419.59999999999997
419.59999999999997
399.9
399.9
399.9
354.0
424.7
186.10000000000002
186.10000000000002
186.10000000000002
418.79999999999995
399.4
186.10000000000002
374.59999999999997
407.09999999999997
399.9
399.9
515.9
399.9
186.10000000000002
418.7
399.9
326.49999999999994
505.4
395.79999999999995
399.9
495.6
407.9
458.9
115.4
380.79999999999995
196.8
399.59999999999997
193.3
134.7
342.2
402.79999999999995
110.4
447.9
396.59999999999997
189.3
539.4
257.8
416.0
376.9
536.3
325.29999999999995
446.0
283.3
394.79999999999995
511.5
336.2
647.1
394.79999999999995
346.59999999999997
419.59999999999997
194.2
417.2
452.9
110.4
415.79999999999995
470.7
191.2
681.3
399.9
396.19999999999993
436.59999999999997
220.8
394.79999999999995
436.59999999999997
419.59999999999997
110.4
394.79999999999995
394.79999999999995
684.9
336.2
376.9
419.59999999999997
336.2
394.7
374.59999999999997
591.1
90.2
446.29999999999995
337.59999999999997
419.59999999999997
110.4
413.9
399.59999999999997
342.2
110.4
434.09999999999997
110.10000000000001
226.60000000000002
394.79999999999995
382.59999999999997
348.0
95.5
439.2
436.59999999999997
419.59999999999997
376.9
374.59999999999997
54.0
314.7
391.59999999999997
421.2
110.10000000000001
392.9
376.9
283.1
439.4
137.0
396.2
405.29999999999995
436.59999999999997
436.59999999999997
18.0
342.2
110.10000000000001
522.0
436.59999999999997
385.5
415.5
415.5
415.5
415.5
415.5
415.5
415.5
415.5
394.79999999999995
133.0
396.69999999999993
446.29999999999995
419.59999999999997
189.0
127.5
377.7
353.7
374.59999999999997
193.9
439.4
420.69999999999993
110.10000000000001
381.4
361.59999999999997
186.10000000000002
401.69999999999993
165.9
402.4
515.0999999999999
115.5
436.59999999999997
436.0
375.5
399.79999999999995
436.59999999999997
454.29999999999995
387.0
110.4
397.29999999999995
394.79999999999995
413.9
305.7
580.9
413.29999999999995
681.3
439.2
162.8
407.0
419.59999999999997
399.9
438.09999999999997
374.0
417.9
426.7
313.4
419.59999999999997
186.10000000000002
438.79999999999995
419.59999999999997
415.7
5.788000000000011
528.3
456.79999999999995
342.2
399.9
498.2
376.0
312.2
429.29999999999995
419.59999999999997
382.9
186.10000000000002
384.59999999999997
399.9
419.59999999999997
110.4
605.7
188.9
186.10000000000002
374.59999999999997
399.9
399.9
374.59999999999997
337.79999999999995
419.59999999999997
187.3
419.59999999999997
375.7
419.59999999999997
399.9
399.9
399.9
186.10000000000002
186.10000000000002
419.59999999999997
419.59999999999997
185.3
400.4
439.2
421.0
653.0
399.9
418.79999999999995
399.4
376.9
419.59999999999997
186.10000000000002
402.4
374.59999999999997
419.59999999999997
443.0000000000001
399.59999999999997
186.10000000000002
420.9
419.59999999999997
419.59999999999997
399.59999999999997
388.2
399.9
377.7
438.5
186.10000000000002
399.9
186.10000000000002
186.10000000000002
186.10000000000002
186.10000000000002
374.59999999999997
399.9
488.99999999999994
282.6
458.9
401.29999999999995
516.5999999999999
424.5
516.3
421.0
378.79999999999995
355.7
419.59999999999997
186.10000000000002
399.9
399.9
419.59999999999997
439.2
399.9
399.9
516.8
399.9
399.4
399.9
420.5
399.9
407.59999999999997
399.9
399.9
399.0
401.0
401.4
399.9
373.9
401.0
399.9
410.4
204.60000000000002
399.9
444.0
399.9
400.7
399.9
622.1999999999999
416.0
399.9
450.5
374.59999999999997
374.59999999999997
488.99999999999994
399.9
198.5
399.9
516.5999999999999
378.59999999999997
399.9
399.9
186.10000000000002
204.60000000000002
413.9
399.9
384.59999999999997
399.9
374.59999999999997
425.29999999999995
186.2
374.59999999999997
376.09999999999997
398.09999999999997
377.29999999999995
374.59999999999997
494.09999999999997
168.9
325.29999999999995
399.2
400.0
412.9
460.7
438.9
419.59999999999997
352.59999999999997
418.9
394.79999999999995
399.9
399.9
399.9
374.59999999999997
399.9
419.59999999999997
278.0
399.9
204.60000000000002
399.5
186.10000000000002
399.9
374.59999999999997
374.59999999999997
399.0
375.79999999999995
374.59999999999997
488.99999999999994
428.0
436.0
419.59999999999997
321.09999999999997
379.7
376.2
374.79999999999995
399.9
422.29999999999995
419.59999999999997
419.59999999999997
411.2
354.0
436.0
426.79999999999995
436.0
419.59999999999997
399.9
384.59999999999997
399.9
419.59999999999997
186.10000000000002
415.29999999999995
488.99999999999994
186.10000000000002
186.10000000000002
186.10000000000002
134.0
401.2
186.10000000000002
187.4
399.9
618.1999999999999
401.4
186.10000000000002
399.9
374.59999999999997
418.9
186.10000000000002
399.9
419.59999999999997
524.4
399.9
186.10000000000002
409.9
488.99999999999994
399.9
399.9
419.59999999999997
399.9
419.59999999999997
488.99999999999994
419.59999999999997
186.10000000000002
373.9
374.59999999999997
419.59999999999997
204.60000000000002
494.3999999999999
488.99999999999994
394.79999999999995
399.9
374.59999999999997
399.59999999999997
375.9
186.10000000000002
186.10000000000002
399.9
494.7
419.59999999999997
196.3
186.10000000000002
369.90000000000003
186.10000000000002
186.10000000000002
421.0
423.79999999999995
419.59999999999997
186.10000000000002
186.10000000000002
186.10000000000002
193.0
419.7
401.0
488.4
197.2
186.10000000000002
419.59999999999997
394.79999999999995
419.59999999999997
186.10000000000002
186.10000000000002
204.3
186.10000000000002
186.10000000000002
186.10000000000002
186.10000000000002
189.2
419.59999999999997
186.10000000000002
186.10000000000002
186.10000000000002
458.9
186.10000000000002
419.59999999999997
186.10000000000002
204.60000000000002
186.10000000000002
186.10000000000002
186.10000000000002
186.10000000000002
399.9
419.59999999999997
187.0
374.59999999999997
337.4
399.9
374.59999999999997
374.59999999999997
399.9
419.0
401.5
374.59999999999997
399.9
99.9
419.59999999999997
399.9
418.4
186.10000000000002
399.0
399.2
342.2
187.10000000000002
186.10000000000002
399.9
399.9
415.59999999999997
488.99999999999994
419.59999999999997
399.9
186.10000000000002
384.0
429.59999999999997
488.9
429.59999999999997
214.3
399.9
374.59999999999997
401.59999999999997
399.9
399.9
186.10000000000002
419.59999999999997
404.7
354.0
419.59999999999997
439.9
399.9
399.9
186.10000000000002
413.9
187.7
419.59999999999997
381.4
419.59999999999997
408.2
519.5
399.9
186.10000000000002
446.29999999999995
399.9
278.0
96.5
93.4
374.59999999999997
375.79999999999995
186.10000000000002
504.9
399.9
186.10000000000002
399.9
399.9
374.59999999999997
413.9
423.5
399.9
399.9
445.0
392.29999999999995
419.59999999999997
375.5
187.0
374.59999999999997
401.7
399.9
491.29999999999995
399.9
374.59999999999997
469.29999999999995
419.79999999999995
399.9
466.0
420.79999999999995
131.9
536.3
376.4
424.29999999999995
491.29999999999995
399.9
488.99999999999994
384.59999999999997
374.59999999999997
413.0
399.9
186.10000000000002
399.9
425.7
430.09999999999997
186.10000000000002
374.7
186.10000000000002
385.09999999999997
399.9
305.5
420.9
192.9
419.59999999999997
422.09999999999997
419.59999999999997
399.9
399.9
458.9
399.9
419.59999999999997
186.10000000000002
185.60000000000002
186.10000000000002
186.10000000000002
419.59999999999997
429.2
399.29999999999995
413.9
376.4
418.79999999999995
374.59999999999997
409.09999999999997
374.59999999999997
684.5999999999999
374.59999999999997
406.7
451.6
404.4
678.8999999999999
409.0
420.7
436.0
419.59999999999997
418.9
376.09999999999997
186.10000000000002
204.60000000000002
492.59999999999997
186.10000000000002
341.0
605.7
278.0
689.0
374.2
187.60000000000002
186.10000000000002
402.29999999999995
399.5
400.79999999999995
384.59999999999997
419.59999999999997
374.59999999999997
491.29999999999995
413.9
536.3
374.59999999999997
312.9
492.2
377.29999999999995
439.59999999999997
422.29999999999995
467.79999999999995
399.9
458.9
376.0
501.3999999999999
399.29999999999995
186.10000000000002
419.59999999999997
399.9
520.5
399.9
419.59999999999997
419.59999999999997
189.7
399.9
188.7
419.59999999999997
186.10000000000002
185.4
419.59999999999997
420.29999999999995
528.3
186.10000000000002
399.9
438.09999999999997
399.9
399.9
419.59999999999997
419.59999999999997
432.0
418.4
605.7
419.59999999999997
399.29999999999995
399.9
319.29999999999995
399.9
402.59999999999997
186.10000000000002
419.59999999999997
186.10000000000002
204.3
488.99999999999994
399.7
420.79999999999995
458.9
185.2
520.5
186.10000000000002
375.79999999999995
496.0
399.9
488.99999999999994
402.7
420.79999999999995
186.10000000000002
399.9
419.59999999999997
419.59999999999997
399.9
399.9
136.4
446.29999999999995
186.10000000000002
399.9
186.10000000000002
492.09999999999997
133.5
186.10000000000002
192.4
377.7
463.5
419.59999999999997
419.59999999999997
337.59999999999997
373.09999999999997
190.3
411.79999999999995
383.9
435.79999999999995
401.59999999999997
401.29999999999995
466.09999999999997
421.0
419.59999999999997
399.9
186.10000000000002
99.3
394.79999999999995
394.79999999999995
186.10000000000002
399.9
186.10000000000002
399.5
204.3
186.10000000000002
186.10000000000002
447.5
500.9
401.29999999999995
399.9
422.79999999999995
399.9
488.99999999999994
419.59999999999997
211.20000000000002
193.0
401.69999999999993
193.0
381.5
186.10000000000002
399.9
376.9
374.59999999999997
574.4
399.9
419.59999999999997
423.5
423.5
331.59999999999997
186.10000000000002
399.9
388.79999999999995
186.10000000000002
419.59999999999997
413.4
418.79999999999995
461.09999999999997
186.10000000000002
461.4
186.10000000000002
488.99999999999994
399.9
419.59999999999997
399.9
419.59999999999997
491.29999999999995
426.7
426.7
186.10000000000002
121.9
186.10000000000002
399.9
186.10000000000002
186.10000000000002
188.60000000000002
374.59999999999997
419.59999999999997
186.10000000000002
419.59999999999997
488.99999999999994
378.79999999999995
393.4
426.7
426.7
186.10000000000002
186.10000000000002
399.9
410.4
186.10000000000002
186.10000000000002
186.10000000000002
488.99999999999994
399.9
496.9
528.3
528.3
186.10000000000002
196.4
186.10000000000002
379.7
385.09999999999997
488.59999999999997
186.10000000000002
468.79999999999995
374.59999999999997
419.59999999999997
399.9
498.2
342.2
458.9
461.2
477.4
458.9
360.79999999999995
361.59999999999997
413.9
458.9
413.9
414.7
417.7
415.5
415.2
415.4
413.9
342.2
458.9
528.3
413.9
413.9
426.5
458.9
438.9
458.9
413.9
528.3
438.09999999999997
375.7
437.79999999999995
419.59999999999997
419.59999999999997
374.59999999999997
419.59999999999997
419.59999999999997
419.59999999999997
391.4
399.9
399.9
187.60000000000002
505.4
399.9
419.59999999999997
186.10000000000002
419.59999999999997
488.99999999999994
419.59999999999997
419.59999999999997
419.59999999999997
186.10000000000002
186.10000000000002
677.5
189.10000000000002
399.9
399.9
419.59999999999997
187.8
399.9
449.4
416.0
421.4
397.5
432.0
432.0
432.0
432.0
198.5
432.0
399.9
419.59999999999997
399.9
536.3
186.10000000000002
399.9
375.5
399.9
420.79999999999995
399.9
220.0
186.10000000000002
399.9
689.8999999999999
386.99999999999994
387.0
433.4
186.10000000000002
436.7
461.09999999999997
421.5
307.09999999999997
404.09999999999997
406.0
432.0
421.5
319.29999999999995
417.59999999999997
436.0
415.09999999999997
399.9
186.10000000000002
399.9
591.2
499.79999999999995
536.3
595.7
564.3
491.29999999999995
536.3
423.5
536.3
653.0
622.1
543.4
536.3
536.3
536.3
539.4
536.3
536.3
503.79999999999995
452.9
403.0
399.9
399.9
394.2
481.7
429.59999999999997
375.79999999999995
186.10000000000002
422.7
458.9
380.4
407.5
481.59999999999997
399.9
419.59999999999997
399.9
374.59999999999997
399.9
399.9
423.79999999999995
419.59999999999997
419.59999999999997
115.5
419.59999999999997
399.9
399.2
488.4
399.9
186.10000000000002
385.09999999999997
689.8999999999999
399.9
420.59999999999997
374.59999999999997
374.59999999999997
399.9
399.9
605.7
407.9
186.10000000000002
399.2
399.9
423.79999999999995
399.9
402.79999999999995
188.10000000000002
399.9
186.10000000000002
399.9
399.9
399.9
374.59999999999997
374.59999999999997
419.59999999999997
186.10000000000002
186.10000000000002
488.99999999999994
687.5
186.10000000000002
374.59999999999997
399.9
376.9
193.8
503.49999999999994
374.2
399.9
105.60000000000001
336.2
197.1
488.99999999999994
399.79999999999995
376.9
399.9
418.7
399.9
419.59999999999997
278.0
491.5
401.79999999999995
399.9
302.79999999999995
394.59999999999997
419.59999999999997
377.4
374.59999999999997
518.0
394.79999999999995
190.3
452.9
186.10000000000002
419.59999999999997
186.10000000000002
419.59999999999997
187.60000000000002
186.10000000000002
186.10000000000002
186.10000000000002
110.4
192.4
186.10000000000002
419.59999999999997
400.0
403.4
419.59999999999997
337.59999999999997
419.59999999999997
429.59999999999997
419.59999999999997
374.59999999999997
516.3
419.59999999999997
337.59999999999997
421.09999999999997
530.5999999999999
399.9
399.9
419.59999999999997
186.10000000000002
419.59999999999997
438.9
399.9
516.5999999999999
399.9
399.9
204.60000000000002
454.5
186.10000000000002
185.4
419.59999999999997
399.59999999999997
186.10000000000002
186.10000000000002
396.09999999999997
399.9
354.09999999999997
425.4
399.9
419.59999999999997
185.2
405.09999999999997
410.2
336.2
503.7
428.4
425.7
304.79999999999995
387.0
374.2
401.09999999999997
399.9
567.0
419.59999999999997
400.79999999999995
479.29999999999995
491.29999999999995
528.3
505.4
423.0
422.59999999999997
399.9
399.9
399.9
399.9
399.9
399.9
386.99999999999994
186.10000000000002
622.1
436.0
443.09999999999997
399.9
185.4
222.10000000000002
186.10000000000002
419.59999999999997
186.10000000000002
327.79999999999995
376.9
419.59999999999997
374.59999999999997
186.10000000000002
115.2
186.10000000000002
419.59999999999997
374.59999999999997
399.9
306.5
488.99999999999994
186.10000000000002
429.9
399.09999999999997
677.5
403.5
538.8
20.3
374.59999999999997
422.5
192.10000000000002
421.0
474.5
419.59999999999997
384.09999999999997
186.10000000000002
458.9
340.09999999999997
419.59999999999997
303.9
186.10000000000002
186.10000000000002
488.59999999999997
182.10000000000002
186.10000000000002
422.09999999999997
186.10000000000002
419.59999999999997
308.9
399.9
410.4
399.9
399.9
516.3
399.9
405.79999999999995
404.79999999999995
419.59999999999997
407.9
376.0
115.6
186.10000000000002
399.9
488.99999999999994
405.29999999999995
374.59999999999997
413.9
132.10000000000002
374.59999999999997
399.9
420.9
374.59999999999997
399.9
468.79999999999995
495.5
186.10000000000002
399.9
374.59999999999997
692.8999999999999
421.0
399.9
283.3
399.9
399.9
421.09999999999997
586.0
383.79999999999995
355.0
369.5
438.4
419.59999999999997
488.99999999999994
399.9
399.9
399.9
189.0
376.9
458.9
99.9
374.59999999999997
399.7
374.59999999999997
374.59999999999997
399.9
621.8
186.10000000000002
402.09999999999997
317.5
419.59999999999997
186.10000000000002
408.4
458.0
186.10000000000002
186.10000000000002
430.79999999999995
405.7
399.9
110.4
374.59999999999997
473.2
413.9
516.5999999999999
440.29999999999995
399.9
437.7
394.5
437.7
399.9
516.3
421.0
436.5
186.10000000000002
406.0
374.59999999999997
491.29999999999995
496.59999999999997
616.2
378.5
441.29999999999995
419.59999999999997
601.4
421.79999999999995
394.79999999999995
421.5
373.7
401.5
399.9
399.9
399.9
399.9
421.2
399.9
186.10000000000002
378.5
419.59999999999997
419.59999999999997
380.4
399.9
400.59999999999997
488.99999999999994
398.7
413.2
337.59999999999997
374.59999999999997
399.9
422.0
399.09999999999997
399.9
374.59999999999997
374.59999999999997
376.09999999999997
135.7
374.59999999999997
374.59999999999997
380.9
439.2
376.0
394.2
438.09999999999997
186.10000000000002
399.9
437.79999999999995
423.0
226.1
186.10000000000002
186.10000000000002
386.29999999999995
413.9
400.09999999999997
374.59999999999997
478.5
374.59999999999997
423.5
186.10000000000002
376.0
186.10000000000002
186.10000000000002
186.10000000000002
186.10000000000002
186.10000000000002
187.2
399.0
406.9
374.59999999999997
186.10000000000002
186.10000000000002
399.0
186.10000000000002
419.59999999999997
186.10000000000002
424.9
649.9
186.10000000000002
419.59999999999997
196.0
419.59999999999997
450.7
391.0
399.9
345.5
413.9
536.3
438.5
426.29999999999995
379.2
399.9
188.10000000000002
432.0
402.0
420.79999999999995
399.9
374.59999999999997
186.10000000000002
419.59999999999997
387.0
530.5999999999999
399.9
411.0
189.2
377.7
302.09999999999997
399.9
435.0
624.2
189.10000000000002
512.3
373.7
377.4
399.9
376.59999999999997
419.59999999999997
402.4
497.29999999999995
415.09999999999997
422.7
186.10000000000002
374.79999999999995
374.59999999999997
419.59999999999997
466.0
420.79999999999995
374.59999999999997
311.4
418.4
399.9
536.3
438.9
496.9
375.79999999999995
419.59999999999997
403.0
374.59999999999997
186.10000000000002
593.9
374.59999999999997
458.9
488.99999999999994
401.4
37.599999999999994
490.19999999999993
398.29999999999995
381.7
391.0
399.0
419.59999999999997
186.10000000000002
488.99999999999994
186.10000000000002
419.59999999999997
488.99999999999994
399.9
186.10000000000002
421.4
399.9
204.60000000000002
399.59999999999997
186.10000000000002
419.59999999999997
374.59999999999997
446.29999999999995
399.9
429.29999999999995
399.9
421.59999999999997
0.20100000000093132
187.9
186.10000000000002
399.9
186.10000000000002
186.10000000000002
394.79999999999995
540.0
399.9
422.2
399.9
186.10000000000002
415.29999999999995
376.9
186.10000000000002
398.7
186.10000000000002
399.9
687.5
439.2
385.09999999999997
404.09999999999997
374.59999999999997
419.59999999999997
493.59999999999997
187.0
419.59999999999997
494.09999999999997
399.9
99.2
399.9
551.3
185.0
399.4
516.5999999999999
186.10000000000002
492.8999999999999
336.2
407.9
186.10000000000002
186.10000000000002
419.59999999999997
186.10000000000002
399.9
186.10000000000002
410.4
115.2
425.09999999999997
196.60000000000002
488.99999999999994
516.3
97.8
134.9
133.60000000000002
443.09999999999997
401.0
399.9
419.59999999999997
399.9
419.59999999999997
399.9
399.9
491.29999999999995
305.5
419.59999999999997
399.0
419.59999999999997
186.10000000000002
488.99999999999994
191.8
135.2
419.59999999999997
402.0
401.0
386.09999999999997
399.5
186.10000000000002
192.7
399.9
399.9
473.0
391.0
399.9
636.2
430.9
186.10000000000002
496.5
458.9
458.9
419.59999999999997
374.59999999999997
374.59999999999997
380.4
419.59999999999997
419.59999999999997
462.0
513.8
410.5
374.59999999999997
393.4
374.59999999999997
415.29999999999995
399.9
421.29999999999995
498.5
191.2
419.59999999999997
399.9
399.9
186.10000000000002
399.9
399.9
399.9
399.9
425.4
399.09999999999997
186.10000000000002
418.09999999999997
422.4
399.9
410.4
403.5
399.9
429.59999999999997
322.4
418.5
679.3
378.79999999999995
186.10000000000002
419.59999999999997
399.5
393.0
411.2
401.5
440.0
421.5
374.59999999999997
422.29999999999995
188.8
415.7
305.59999999999997
127.5
477.4
419.59999999999997
399.9
187.2
419.59999999999997
309.79999999999995
403.4
374.59999999999997
453.2
419.59999999999997
391.0
420.5
380.0
186.10000000000002
496.0
407.0
492.7
189.2
309.3
401.0
423.0
419.59999999999997
399.9
186.10000000000002
488.99999999999994
186.10000000000002
397.09999999999997
374.59999999999997
435.7
409.09999999999997
186.10000000000002
186.10000000000002
399.9
374.59999999999997
399.09999999999997
188.2
376.9
186.10000000000002
354.0
374.59999999999997
204.60000000000002
110.6
422.29999999999995
519.5
422.0
399.9
196.60000000000002
186.10000000000002
419.59999999999997
522.7
374.59999999999997
193.0
187.3
419.59999999999997
399.9
406.59999999999997
314.7
127.5
419.59999999999997
394.79999999999995
406.79999999999995
206.3
383.9
186.10000000000002
399.59999999999997
399.9
204.3
186.10000000000002
186.10000000000002
399.9
421.09999999999997
402.2
399.9
436.29999999999995
436.0
319.29999999999995
605.7
186.10000000000002
456.29999999999995
186.10000000000002
204.3
399.9
419.59999999999997
495.5
399.9
153.0
399.9
402.29999999999995
419.59999999999997
464.7
422.0
402.4
421.49999999999994
374.59999999999997
440.2
186.10000000000002
186.10000000000002
432.0
422.4
187.2
385.59999999999997
399.9
518.2
186.10000000000002
397.09999999999997
419.59999999999997
434.9
419.59999999999997
336.2
399.9
407.9
399.9
186.10000000000002
400.09999999999997
186.10000000000002
186.10000000000002
134.9
399.9
376.29999999999995
419.59999999999997
419.59999999999997
186.10000000000002
419.59999999999997
399.4
186.10000000000002
399.9
186.10000000000002
399.9
186.10000000000002
419.59999999999997
399.9
382.79999999999995
416.7
394.59999999999997
374.59999999999997
186.10000000000002
446.29999999999995
446.29999999999995
419.59999999999997
186.10000000000002
374.59999999999997
336.2
419.59999999999997
646.0
522.5999999999999
419.59999999999997
419.59999999999997
361.59999999999997
419.59999999999997
185.2
610.3
516.9
354.0
186.10000000000002
220.8
407.2
677.5
128.9
446.0
342.2
419.59999999999997
399.9
399.9
399.9
419.59999999999997
186.10000000000002
419.59999999999997
399.9
399.9
400.5
419.59999999999997
419.59999999999997
399.09999999999997
399.9
189.10000000000002
518.2
374.59999999999997
438.9
426.5
187.9
399.9
399.9
186.10000000000002
186.10000000000002
399.9
419.59999999999997
410.4
410.4
437.79999999999995
186.10000000000002
401.29999999999995
186.10000000000002
399.09999999999997
399.9
399.9
401.4
399.9
401.0
186.10000000000002
399.9
419.59999999999997
677.5
399.9
419.79999999999995
399.0
196.10000000000002
186.10000000000002
410.4
399.9
419.59999999999997
322.29999999999995
186.10000000000002
419.59999999999997
399.59999999999997
185.3
378.2
399.9
187.9
93.5
374.59999999999997
399.9
419.59999999999997
399.9
419.59999999999997
399.9
419.59999999999997
190.3
321.4
399.9
186.10000000000002
419.59999999999997
490.59999999999997
436.0
422.2
309.09999999999997
419.59999999999997
488.99999999999994
504.99999999999994
204.60000000000002
399.9
399.9
399.9
492.5
375.9
209.7
375.5
186.10000000000002
186.10000000000002
204.3
399.9
186.10000000000002
186.10000000000002
189.3
375.5
197.2
186.10000000000002
399.5
399.9
186.10000000000002
186.10000000000002
373.59999999999997
528.3
499.99999999999994
419.59999999999997
186.10000000000002
399.9
374.59999999999997
401.5
200.5
118.0
186.10000000000002
399.9
186.10000000000002
419.59999999999997
399.9
399.9
374.59999999999997
186.10000000000002
186.10000000000002
401.0
399.9
419.59999999999997
338.7
446.29999999999995
518.0
446.29999999999995
458.9
399.9
473.2
419.59999999999997
421.0
399.9
404.5
346.79999999999995
190.7
439.2
193.10000000000002
376.79999999999995
186.10000000000002
505.4
186.10000000000002
186.10000000000002
186.10000000000002
186.10000000000002
409.0
186.10000000000002
528.3
410.4
375.7
319.29999999999995
413.0
374.59999999999997
399.9
424.2
199.10000000000002
615.7
381.5
193.0
495.9
193.0
193.0
426.5
193.0
193.0
426.5
384.59999999999997
328.09999999999997
596.5
398.9
516.4
692.3
402.5
391.4
435.0
400.09999999999997
186.10000000000002
524.7
374.59999999999997
399.9
399.0
419.59999999999997
399.9
419.59999999999997
516.5999999999999
399.9
399.9
186.10000000000002
186.10000000000002
186.10000000000002
373.79999999999995
399.9
419.59999999999997
342.2
170.10000000000002
110.4
339.29999999999995
153.0
313.4
110.4
666.8
394.79999999999995
458.9
394.79999999999995
315.29999999999995
452.9
413.9
394.79999999999995
374.59999999999997
419.59999999999997
136.7
458.9
115.5
436.0
486.5
439.2
342.2
337.59999999999997
431.7
392.29999999999995
375.5
375.5
497.29999999999995
394.4
413.9
401.2
396.09999999999997
342.2
560.0999999999999
458.9
135.2
302.8
394.59999999999997
533.5999999999999
110.4
423.99999999999994
463.5
375.79999999999995
165.9
424.29999999999995
355.7
439.4
376.9
527.9
319.29999999999995
413.9
354.0
399.9
443.9
99.9
99.9
413.9
439.4
516.4
413.9
338.7
110.4
401.69999999999993
230.7
375.2
434.2
438.9
511.5
133.60000000000002
110.4
536.3
429.59999999999997
419.59999999999997
458.9
419.59999999999997
376.9
310.0
413.9
396.19999999999993
591.2
491.29999999999995
425.7
450.7
394.79999999999995
411.2
496.0
436.7
91.7
134.9
227.89999999999998
435.29999999999995
238.10000000000002
127.5
396.69999999999993
436.0
380.0
394.79999999999995
436.59999999999997
458.9
413.9
215.3
309.3
394.79999999999995
376.0
444.99999999999994
386.99999999999994
386.99999999999994
352.59999999999997
416.5
119.4
407.19999999999993
377.7
394.79999999999995
398.0
434.09999999999997
186.10000000000002
352.59999999999997
342.2
591.2
413.4
110.4
551.3
439.4
695.8
136.4
374.59999999999997
113.10000000000001
398.59999999999997
413.9
374.59999999999997
130.20000000000002
536.3
126.7
375.5
466.09999999999997
311.4
377.7
441.0
446.29999999999995
413.9
393.0
413.9
593.9
186.10000000000002
340.09999999999997
220.9
413.9
354.0
110.4
377.29999999999995
110.10000000000001
438.7
413.9
394.79999999999995
401.2
436.0
497.29999999999995
532.2
593.0
415.7
193.3
446.29999999999995
377.29999999999995
391.0
455.0
417.29999999999995
374.59999999999997
399.4
399.9
186.10000000000002
186.10000000000002
380.59999999999997
186.10000000000002
471.29999999999995
400.59999999999997
191.3
501.3999999999999
419.59999999999997
402.59999999999997
430.7
374.59999999999997
421.09999999999997
410.4
186.10000000000002
399.9
185.2
186.10000000000002
439.29999999999995
452.9
419.59999999999997
464.4
399.5
401.0
186.10000000000002
438.9
374.59999999999997
187.2
622.1
496.9
448.0
399.9
460.69999999999993
420.79999999999995
399.9
186.10000000000002
413.9
186.10000000000002
374.59999999999997
419.59999999999997
636.1
401.29999999999995
418.4
186.10000000000002
419.59999999999997
419.59999999999997
488.99999999999994
518.2
311.9
534.0
470.5
426.7
684.5999999999999
204.60000000000002
186.10000000000002
419.59999999999997
374.59999999999997
398.59999999999997
421.5
441.4
586.0
283.1
283.1
186.10000000000002
423.5
408.7
306.79999999999995
425.2
377.29999999999995
536.3
605.7
605.7
516.5999999999999
605.7
397.09999999999997
188.7
187.2
399.9
399.9
186.10000000000002
399.59999999999997
301.59999999999997
410.4
399.9
373.7
419.59999999999997
354.0
399.5
419.59999999999997
380.29999999999995
186.10000000000002
352.59999999999997
423.09999999999997
556.0999999999999
193.0
193.0
406.7
399.9
491.7
399.9
399.9
399.9
399.9
409.2
394.59999999999997
438.9
187.7
419.59999999999997
304.2
419.59999999999997
403.79999999999995
513.8
400.5
605.7
419.59999999999997
186.10000000000002
436.59999999999997
186.10000000000002
399.9
399.9
425.09999999999997
458.9
404.09999999999997
399.9
419.59999999999997
414.5
398.5
399.9
394.79999999999995
193.0
186.10000000000002
436.59999999999997
308.0
186.10000000000002
419.59999999999997
186.10000000000002
407.9
186.10000000000002
374.59999999999997
374.59999999999997
374.59999999999997
399.9
374.59999999999997
399.9
415.29999999999995
419.59999999999997
516.5999999999999
402.7
202.60000000000002
398.59999999999997
399.9
302.9
186.10000000000002
399.9
591.2
399.9
499.4
376.79999999999995
458.9
458.9
432.0
432.0
421.79999999999995
186.10000000000002
186.10000000000002
488.99999999999994
437.79999999999995
608.5
399.9
399.9
530.5999999999999
399.9
375.79999999999995
374.59999999999997
403.4
399.9
488.99999999999994
186.10000000000002
115.00000000000001
200.2
429.59999999999997
419.59999999999997
419.59999999999997
419.59999999999997
429.59999999999997
399.9
187.5
420.29999999999995
419.59999999999997
399.9
399.9
186.10000000000002
399.9
375.5
419.59999999999997
220.9
421.79999999999995
399.0
302.0
471.09999999999997
668.7
474.5
399.9
419.59999999999997
413.9
399.9
51.5
496.29999999999995
399.09999999999997
305.0
373.9
478.2
399.9
407.9
319.29999999999995
391.0
336.7
503.69999999999993
399.59999999999997
420.59999999999997
403.59999999999997
439.79999999999995
402.29999999999995
418.9
416.59999999999997
186.10000000000002
401.4
419.4
418.29999999999995
399.0
186.10000000000002
475.7
399.9
374.59999999999997
472.7
376.9
399.9
399.0
444.9
401.4
438.09999999999997
187.3
454.29999999999995
220.8
532.2
442.0
374.59999999999997
376.9
186.10000000000002
137.10000000000002
419.59999999999997
399.9
401.2
400.79999999999995
204.60000000000002
352.59999999999997
326.7
377.5
186.10000000000002
353.2
376.9
499.79999999999995
401.59999999999997
471.29999999999995
219.9
399.9
419.59999999999997
419.59999999999997
130.20000000000002
186.10000000000002
479.59999999999997
419.59999999999997
421.09999999999997
419.59999999999997
384.59999999999997
429.59999999999997
387.59999999999997
458.9
399.9
399.9
201.5
399.59999999999997
342.2
419.59999999999997
419.59999999999997
186.10000000000002
399.9
336.2
420.9
402.29999999999995
399.9
354.0
528.3
438.9
321.29999999999995
399.9
405.2
399.9
419.59999999999997
391.0
186.10000000000002
376.4
424.7
379.79999999999995
528.3
499.49999999999994
186.10000000000002
413.9
342.2
422.0
186.10000000000002
186.10000000000002
186.10000000000002
488.99999999999994
377.7
399.59999999999997
496.9
425.7
399.9
399.9
399.9
186.10000000000002
399.9
399.9
410.4
410.4
399.9
402.4
399.9
399.29999999999995
399.9
399.9
406.0
399.9
439.2
414.79999999999995
413.9
418.79999999999995
384.59999999999997
374.59999999999997
399.79999999999995
342.2
420.7
439.2
501.29999999999995
399.9
402.09999999999997
399.9
407.79999999999995
387.0
418.09999999999997
399.9
413.9
384.59999999999997
399.9
387.0
302.2
342.2
464.7
458.9
432.0
458.9
432.0
401.09999999999997
436.0
458.9
312.9
387.0
384.59999999999997
413.9
413.9
378.79999999999995
374.59999999999997
312.9
374.59999999999997
376.0
451.0
438.2
186.10000000000002
387.0
413.9
186.10000000000002
186.10000000000002
188.5
111.5
528.3
419.59999999999997
342.2
429.59999999999997
419.59999999999997
413.9
374.59999999999997
374.59999999999997
490.3999999999999
399.9
399.9
186.3
413.9
384.59999999999997
495.09999999999997
110.10000000000001
186.10000000000002
192.10000000000002
411.2
404.09999999999997
374.59999999999997
399.9
186.10000000000002
410.4
186.10000000000002
186.10000000000002
425.7
458.9
354.09999999999997
488.99999999999994
186.10000000000002
511.5
399.9
399.09999999999997
402.4
516.5999999999999
426.5
186.10000000000002
186.10000000000002
186.10000000000002
399.9
304.29999999999995
374.59999999999997
186.10000000000002
186.10000000000002
399.9
186.10000000000002
374.59999999999997
374.59999999999997
304.9
399.9
377.09999999999997
342.2
186.10000000000002
611.9
399.9
439.7
186.10000000000002
186.10000000000002
677.5
419.59999999999997
374.59999999999997
399.9
342.2
186.10000000000002
488.99999999999994
419.59999999999997
405.09999999999997
288.40000000000003
411.0
186.10000000000002
420.9
488.99999999999994
419.59999999999997
204.60000000000002
399.9
186.10000000000002
419.59999999999997
186.10000000000002
186.2
186.10000000000002
437.79999999999995
458.9
186.10000000000002
399.9
419.59999999999997
401.0
186.10000000000002
95.60000000000001
237.20000000000005
238.10000000000002
419.59999999999997
354.0
418.79999999999995
97.8
374.59999999999997
186.10000000000002
399.9
323.69999999999993
411.4
186.10000000000002
193.0
401.4
405.59999999999997
191.8
440.9
523.7
191.8
425.29999999999995
382.59999999999997
382.59999999999997
380.7
186.10000000000002
400.09999999999997
400.79999999999995
188.5
420.9
413.9
399.9
399.59999999999997
204.60000000000002
591.0
399.9
458.9
387.0
434.5
432.0
419.59999999999997
422.7
441.2
185.3
186.0
390.0
376.9
516.5999999999999
399.9
399.9
374.59999999999997
374.59999999999997
342.2
399.9
535.2
491.29999999999995
677.5
401.29999999999995
399.9
399.9
337.59999999999997
416.29999999999995
512.9
423.7
605.7
399.2
375.2
426.7
399.9
374.59999999999997
419.59999999999997
435.29999999999995
134.9
458.9
418.79999999999995
374.59999999999997
399.9
439.2
374.59999999999997
419.59999999999997
336.2
98.5
477.09999999999997
479.59999999999997
376.9
398.9
186.10000000000002
186.10000000000002
399.4
484.7
419.59999999999997
401.79999999999995
376.9
438.9
407.9
380.0
439.0
304.2
399.9
412.7
407.9
376.09999999999997
348.0
401.59999999999997
374.59999999999997
399.9
426.9
440.7
374.59999999999997
399.9
453.2
374.59999999999997
400.9
186.10000000000002
186.10000000000002
186.10000000000002
186.10000000000002
186.10000000000002
410.4
186.10000000000002
485.59999999999997
410.4
410.4
401.59999999999997
316.5
399.9
399.9
399.9
377.09999999999997
187.5
399.9
186.0
423.2
477.9
189.7
419.59999999999997
399.9
399.9
188.5
374.59999999999997
419.59999999999997
458.9
400.2
402.9
422.59999999999997
422.59999999999997
422.59999999999997
189.10000000000002
419.59999999999997
419.59999999999997
429.59999999999997
204.60000000000002
419.59999999999997
422.0
422.09999999999997
399.9
399.0
446.29999999999995
419.59999999999997
401.2
419.59999999999997
419.59999999999997
516.3
419.59999999999997
419.59999999999997
374.59999999999997
337.4
386.99999999999994
399.9
374.59999999999997
502.09999999999997
401.79999999999995
496.9
186.10000000000002
416.4
419.59999999999997
413.9
419.59999999999997
536.3
437.79999999999995
374.59999999999997
513.8
428.7
417.9
415.29999999999995
422.09999999999997
426.7
419.59999999999997
419.59999999999997
399.9
375.79999999999995
319.29999999999995
422.09999999999997
394.79999999999995
399.9
442.09999999999997
