2580.4
1005.122
1001.568
1001.409
1004.3679999999999
1002.698
1000.5809999999999
1003.779
1002.0659999999999
1004.79
1003.4169999999999
1003.7729999999999
1001.7239999999999
1000.6289999999999
1310.8000000000002
1019.9689999999999
1004.1709999999999
722.5
886.4
2939.8
1703.3000000000002
1004.223
722.5
722.5
722.5
722.4000000000001
839.1999999999999
769.7
1004.1709999999999
1002.0659999999999
738.8999999999999
1032.875
1002.0659999999999
1005.0329999999999
1001.583
1001.554
1001.554
2003.62
1000.559
1001.083
1017.9799999999999
1003.261
1001.568
1000.5909999999999
1017.1519999999999
1016.9549999999999
766.0
1002.7779999999999
1004.324
1005.0509999999999
1001.554
1001.0909999999999
2002.922
746.0
1000.082
1004.3449999999999
1002.0659999999999
1003.781
1003.226
1527.2
722.5
1003.4419999999999
1004.1709999999999
2002.77
1003.247
1002.9449999999999
1001.2209999999999
1194.0
1003.5759999999999
1001.189
1003.4709999999999
1003.7729999999999
2002.339
1005.034
1004.3679999999999
1002.193
1502.4
1004.3679999999999
1002.193
1015.3449999999999
1003.7239999999999
1000.574
702.8
1510.9
1000.584
1004.1199999999999
1413.3000000000002
697.6999999999999
1002.4159999999999
1003.9179999999999
1001.554
1007.7769999999999
1014.939
1003.632
1508.5
1508.5
1508.5
1508.5
1508.5
1508.5
1508.5
1508.5
1508.5
1508.5
1001.568
1001.568
1957.2000000000003
1005.1229999999999
1490.5
1002.193
1000.434
1805.3000000000002
1001.568
999.583
1004.3679999999999
1002.193
1002.188
2006.186
1016.7719999999999
1003.9749999999999
1000.0659999999999
1001.568
1001.554
1017.0489999999999
1004.0699999999999
1000.5889999999999
1232.2
1002.0659999999999
2006.382
1003.996
1786.6
1527.2
1484.0
1000.0659999999999
1175.0
1000.0659999999999
1004.775
1001.1919999999999
1002.193
1004.223
1002.188
1003.2349999999999
1000.4259999999999
1017.6579999999999
1004.3679999999999
1002.669
1019.2749999999999
2005.5369999999998
1830.1000000000001
1497.0
2001.918
1001.741
1002.069
1000.6909999999999
1460.0
1002.986
2002.902
1001.423
1004.1709999999999
729.3
1005.1339999999999
1006.6429999999999
980.4
1000.6199999999999
729.3
1001.741
1004.468
1544.2
1015.8799999999999
1000.0659999999999
999.0559999999999
1001.554
1507.5
1000.0519999999999
999.1959999999999
999.193
1002.2109999999999
1016.728
1001.717
1303.7
712.0
1000.5709999999999
1014.9619999999999
722.5
1541.1000000000001
862.7
743.0999999999999
1492.5
1004.9849999999999
2003.3449999999998
1000.5649999999999
1016.1629999999999
722.5
1014.8169999999999
719.1999999999999
767.5999999999999
1016.8469999999999
1014.67
722.5
729.5999999999999
1544.2
1001.068
1001.409
2003.779
1014.131
1002.0659999999999
1003.2719999999999
2006.841
1019.16
1014.9619999999999
1000.5759999999999
1524.8000000000002
908.5999999999999
1014.9619999999999
712.8
1016.9549999999999
1017.0999999999999
1000.435
1001.554
722.5
1002.7719999999999
1001.6289999999999
1000.555
1001.554
1001.554
1001.554
1001.559
1002.2149999999999
1001.554
999.704
1017.1519999999999
999.4209999999999
729.5999999999999
1016.8499999999999
1001.554
999.6783999999989
1001.568
1018.915
1003.054
1002.5559999999999
1016.1189999999999
1016.8469999999999
1018.9749999999999
1017.2969999999999
721.5999999999999
1006.131
1006.131
1006.131
728.1999999999999
722.5
1000.588
1000.559
728.5999999999999
1002.197
1002.1959999999999
1018.9929999999999
1014.9619999999999
722.5
1016.9549999999999
1002.193
739.5999999999999
1017.2969999999999
2035.9
722.5
1521.5
1003.7729999999999
722.5
1017.8639999999999
1004.039
722.5
1002.5699999999999
1547.2
734.8999999999999
737.3999999999999
722.5
1000.573
1001.568
1003.3009999999999
726.3
1006.3449999999999
1001.554
1029.04
1005.03
1583.2
1006.184
1000.116
722.5
722.5
791.9
1615.3000000000002
819.4999999999999
1750.3000000000002
1624.2
894.1
1002.959
738.8999999999999
761.8
900.8
722.5
1001.708
1527.2
724.8999999999999
722.5
1024.5
1537.7
1001.554
1019.709
1003.3689999999999
1014.8219999999999
1006.3699999999999
729.9
1490.5
1531.4
1015.1399999999999
1002.582
998.68
1002.2109999999999
1016.6399999999999
1643.9
1018.2299999999999
1440.4
999.606
1002.2109999999999
1017.127
2004.404
1018.411
1000.4259999999999
722.5
736.5999999999999
1017.704
1844.6
1005.429
999.755
1014.9569999999999
1004.026
1002.2109999999999
995.2
1001.217
1017.9369999999999
1017.2969999999999
1000.433
1017.3079999999999
1017.1519999999999
1125.8000000000002
1002.0659999999999
1017.1519999999999
1004.026
1005.14
1005.313
743.8
1016.9549999999999
1002.2099999999999
1004.223
1005.252
1004.223
1032.914
1004.223
1021.3009999999999
1017.1519999999999
1017.1519999999999
1002.0659999999999
1016.9549999999999
1901.8000000000002
1017.1519999999999
1017.1519999999999
1016.9549999999999
1000.2719999999999
1014.8169999999999
1017.1519999999999
1001.409
1017.1519999999999
1545.4
1017.1519999999999
2003.62
1383.3000000000002
1005.2439999999999
1003.568
1001.4369999999999
1002.0659999999999
1002.28
1017.2969999999999
1018.4469999999999
1017.1519999999999
1714.4000000000003
1017.2969999999999
1014.5459999999999
1000.578
1001.554
1001.554
2004.422
1004.223
1004.3679999999999
1724.1000000000001
1016.1639999999999
1001.568
1003.876
1016.7019999999999
704.2
1025.4
1019.06
1018.1739999999999
924.0
1021.3079999999999
728.5
1019.3269999999999
1004.8969999999999
1257.0
1846.0
1013.6379999999999
2005.2999999999997
1017.1519999999999
1000.6149999999999
1001.2719999999999
1002.5569999999999
1018.3
1831.5
1014.0029999999999
1003.7729999999999
1015.5999999999999
1016.6529999999999
831.2
1016.021
1000.579
1016.3649999999999
722.5
1001.568
1002.2109999999999
1002.2109999999999
1006.135
996.5279999999999
1014.9619999999999
947.9
1001.2139999999999
725.5
1001.068
1002.2109999999999
1005.058
716.8
1003.2049999999999
1577.2
1001.505
1001.823
1002.6179999999999
2381.2000000000003
702.8
741.3
1000.1279999999999
1015.9569999999999
722.5
1510.3000000000002
722.5
1001.2199999999999
1001.554
1003.9749999999999
1014.9019999999999
1001.554
1016.8469999999999
1001.415
1001.554
1001.409
1016.3249999999999
1002.722
1001.415
1002.2109999999999
1017.0999999999999
1932.7000000000003
1017.0999999999999
1017.0999999999999
1017.0999999999999
1017.0999999999999
1017.0999999999999
1017.0999999999999
2661.9
1005.2249999999999
1005.087
1001.409
1017.1519999999999
1017.1519999999999
1006.285
1002.0659999999999
1001.27
1006.4079999999999
1017.1519999999999
1016.9549999999999
1003.7729999999999
1002.579
1001.568
1559.9
1002.2109999999999
1002.0659999999999
1002.2109999999999
716.8
732.5
1810.4
1004.473
1004.0429999999999
702.8
1001.554
1016.9979999999999
1017.9569999999999
1016.1769999999999
1014.6929999999999
1015.021
1001.082
1002.0659999999999
1001.0669999999999
1000.43
1017.1519999999999
723.5999999999999
1520.0
1000.578
1322.9
737.0999999999999
1017.2969999999999
1018.045
1018.2979999999999
1017.0999999999999
1016.9549999999999
1001.121
1026.997
1001.554
721.5999999999999
1502.3000000000002
1029.846
1002.2109999999999
1326.4
1001.27
1001.554
1001.121
1016.3999999999999
1016.752
1002.2109999999999
729.3999999999999
1002.4159999999999
2007.9779999999998
2003.498
1018.1539999999999
1001.068
1002.188
1002.193
1001.554
1000.572
1000.1279999999999
1001.554
1002.559
1005.2249999999999
1002.0429999999999
1002.188
1003.7729999999999
716.8
1006.0459999999999
1006.121
1002.56
1004.1199999999999
1004.223
738.8999999999999
1002.188
1002.193
1004.935
1002.0659999999999
1002.188
1017.911
1003.2479999999999
1004.223
704.8
1002.193
1001.204
1508.5
1005.2439999999999
1003.9749999999999
1000.43
1003.9749999999999
1001.2539999999999
1000.5959999999999
1015.1399999999999
1004.026
1001.554
716.8
1002.637
1003.53
1004.223
1003.2249999999999
1003.632
1005.9889999999999
1001.568
2006.9289999999999
1003.7729999999999
1002.193
1001.554
1242.5
1001.568
1002.5759999999999
1002.2109999999999
1002.2109999999999
1001.554
1001.554
1003.226
1001.409
769.7
1002.193
1544.2
1001.554
1001.568
1001.7639999999999
1002.2109999999999
1001.1959999999999
1002.2149999999999
746.0
1000.6289999999999
2002.77
1002.0659999999999
1000.27
1004.223
1001.2489999999999
1002.704
1520.0
1002.2109999999999
1001.121
1003.781
2006.4989999999998
1018.233
1003.9749999999999
1007.7769999999999
2016.6319999999998
1006.227
1004.1709999999999
1001.568
738.8999999999999
1001.568
1003.4709999999999
1000.435
1524.8000000000002
1002.188
1000.435
1001.568
1005.1229999999999
1001.7639999999999
1014.9619999999999
1017.2969999999999
1014.515
837.5
1001.4659999999999
1002.0659999999999
1846.3000000000002
1001.587
1006.145
912.2
1005.3249999999999
1611.3000000000002
1000.572
1017.3079999999999
1004.3789999999999
714.0999999999999
724.8999999999999
1000.559
1001.554
1016.805
1027.308
1003.213
722.5
1001.568
722.5
1017.0999999999999
734.8999999999999
1001.409
1002.246
722.5
761.8
831.2
734.8999999999999
999.1139999999999
999.779
1016.045
1014.8169999999999
1014.4699999999999
1002.5759999999999
1002.108
1016.8499999999999
1017.911
1004.819
1001.7639999999999
1477.3000000000002
2006.4989999999998
1018.6129999999999
1017.4899999999999
1014.6929999999999
1016.054
1002.828
1000.0659999999999
1015.598
1001.9
1000.0659999999999
702.9
1017.3629999999999
1013.6779999999999
739.8999999999999
1001.554
1004.7779999999999
1001.568
1002.0659999999999
999.5999999999999
748.8999999999999
1014.9619999999999
722.5
750.3
1001.554
1795.4
725.6999999999999
1016.6529999999999
999.573
1001.409
1004.1199999999999
799.5
1016.7019999999999
1002.3649999999999
716.8
734.8999999999999
734.8999999999999
831.2
1606.6000000000001
999.4409999999999
721.5999999999999
1002.5699999999999
1003.9749999999999
1002.0659999999999
912.8000000000001
700.0
1018.1469999999999
1018.1469999999999
1000.116
1017.0999999999999
1001.554
1007.685
1003.222
1001.409
1011.4259999999999
1001.409
1016.103
746.0
1001.423
1002.4549999999999
1015.9639999999999
1001.568
1001.554
1002.2109999999999
1000.574
1003.2159999999985
1003.9749999999999
1015.598
1404.7000000000003
1000.275
1003.689
1162.7
1016.1639999999999
1013.6379999999999
1003.4319999999999
1001.568
1002.188
1017.8509999999999
722.5
1001.568
1018.9609999999999
1601.7000000000003
1001.554
1017.2969999999999
1018.2989999999999
1004.1199999999999
1001.554
1001.554
1000.0709999999999
2004.369
2005.884
2001.418
