-1000.554
-1002.234
-1001.366
-1003.0120000000001
-1003.14
-999.367
-999.665
-1001.6460000000001
-1001.686
-1000.365
-1000.365
-1002.635
-844.3000000000001
-1001.665
-1003.655
-1004.669
-1001.8770000000001
-1005.681
-1001.862
-1002.001
-1003.024
-1002.001
-1003.414
-1002.001
-1003.003
-1001.667
-999.6800000000001
-999.876
-1007.655
-1001.694
-1003.019
-1004.697
-1005.105
-1002.635
-1001.797
-1002.001
-1003.779
-1002.635
-1004.143
-999.687
-1002.001
-1002.001
-1003.005
-1004.114
-1000.618
-1003.163
-1002.635
-999.674
-1000.317
-1004.032
-1001.159
-998.772
-1002.791
-1002.015
-1596.3999999999999
-1003.644
-1000.618
-1002.015
-1003.644
-1003.14
-1003.64
-1002.015
-1005.756
-1002.015
-1002.923
-1002.001
-1002.641
-1001.725
-1002.015
-1002.732
-998.667
-1002.64
-1001.062
-1002.635
-1003.6510000000001
-1003.039
-1002.001
-1002.001
-1003.2760000000001
-1003.039
-1002.145
-1002.001
-1001.016
-1001.725
-1004.3720000000001
-1000.567
-1002.635
-1278.9
-1002.5980000000001
-1000.365
-1002.64
-999.817
-1002.015
-1002.015
-1003.657
-1278.9
-999.373
-1002.635
-1002.64
-999.386
-1002.015
-1002.635
-1278.4
-1002.001
-1002.015
-1004.189
-1004.144
-1002.64
-1002.64
-1004.109
-1001.019
-1002.635
-1002.635
-1002.635
-1001.517
-1002.64
-1002.001
-1216.4
-1002.015
-1002.001
-1000.365
-1000.618
-1000.365
-1001.022
-1002.64
-1003.655
-1000.393
-1000.702
-1002.64
-1000.567
-1002.015
-1002.015
-1001.016
-1004.7810000000001
-1001.517
-1000.634
-1002.015
-1002.142
-1003.779
-1002.821
-1001.091
-1004.721
-1000.98
-999.672
-1002.64
-1000.618
-1279.6
-999.455
-1001.7570000000001
-1005.167
-1003.02
-1001.639
-1003.016
-999.626
-1004.1560000000001
-1001.839
-1001.381
-1002.669
-999.665
-1002.373
-1000.198
-999.625
-1000.365
-999.54
-1003.6510000000001
-1002.001
-1001.691
-1004.662
-1004.799
-1003.6610000000001
-1298.9
-1000.365
-1002.015
-1003.774
-1003.821
-1001.144
-1002.693
-1003.6510000000001
-1002.015
-1001.371
-1002.001
-1002.621
-1001.37
-1003.14
-1002.015
-1000.5980000000001
-1000.815
-1003.652
-1001.636
-1001.517
-1004.667
-1004.155
-1002.635
-1002.635
-1002.926
-999.681
-999.772
-1001.62
-1003.779
-1003.774
-1003.779
-1003.779
-1001.797
-1003.154
-1003.779
-1001.7570000000001
-1003.779
-1004.013
-1003.154
-1216.0
-1003.936
-1004.789
-1002.843
-1003.663
-1001.664
-1002.713
-1003.659
-1002.64
-1002.001
-1002.643
-1278.9
-1004.511
-1004.128
-782.0
-1002.635
-999.677
-1004.414
-1001.687
-1184.2
-1003.154
-1004.849
-1002.149
-1004.157
-1002.918
-1004.7860000000001
-1005.972
-1001.299
-1003.2760000000001
-1003.774
-1003.779
-1003.827
-1002.793
-1003.154
-1002.928
-1003.779
-1001.797
-1003.779
-1003.14
-1003.001
-1004.166
-1005.811
-1004.792
-1003.154
-1003.001
-1004.019
-1004.415
-1003.001
-1004.777
-1003.774
-1003.14
-1004.201
-1004.815
-1408.5
-1003.14
-1003.14
-1003.14
-1003.14
-1003.14
-1002.782
-1003.779
-1003.14
-1001.797
-1003.14
-1195.7
-1003.14
-1003.14
-1002.642
-1003.14
-1004.284
-1003.251
-1003.641
-999.6370000000001
-1000.815
-1003.664
-998.8100000000001
-1002.635
-1002.635
-1002.145
-1003.663
-1005.639
-1002.642
-1002.664
-999.2620000000001
-1001.029
-1000.994
-1005.158
-1002.092
-1002.142
-1000.618
-1002.001
-1000.787
-1002.881
-1002.142
-993.5840000000001
-1004.087
-1003.779
-1002.015
-999.836
-1001.83
-1003.645
-1002.1370000000001
-1002.015
-1003.708
-1002.015
-1002.64
-1002.001
-1004.847
-1002.64
-1000.317
-1001.679
-1002.015
-1002.635
-1000.775
-1001.366
-1298.9
-1003.016
-1002.1370000000001
-1003.663
-1002.96
-1001.817
-1001.1560000000001
-1002.635
-1000.16
-1002.64
-998.0500000000001
-1002.635
-1002.64
-1001.343
-1000.317
-998.806
-1003.01
-999.426
-1003.779
-998.818
-1001.9540000000001
-999.819
-1002.64
-1002.635
-1002.157
-1000.198
-868.5
-1001.016
-1000.8720000000001
-1004.664
-1000.618
-1003.14
-1000.365
-1001.03
-999.681
-1002.993
-999.629
-1002.001
-1002.097
-1001.817
-1278.9
-998.416
-1002.635
-1001.621
-1003.663
-1002.015
-1002.635
-999.753
-999.876
-1005.6850000000001
-1003.774
-1002.001
-1002.001
-1002.015
-999.678
-1002.015
-1001.619
-1000.015
-1002.64
-1002.015
-1002.001
-1003.016
-1003.053
-1278.0
-1003.0210000000001
-1002.001
-999.6270000000001
-1003.016
-1003.006
-1001.819
-1002.64
-990.826
-1002.193
-1000.567
-1000.618
-1003.0120000000001
-1002.635
-999.374
-1002.015
-1002.635
-1001.821
-1002.001
-1001.623
-1002.015
-1001.619
-1002.635
-1000.618
-1000.618
-1000.567
-1002.64
-1000.618
-993.087
-1000.365
-1000.365
-1002.001
-1000.618
-1003.797
-1002.635
-1002.635
-1000.618
-1002.635
-1002.64
-999.619
-1002.64
-1004.617
-1002.015
-1002.64
-1001.9970000000001
-1278.9
-1000.815
-1000.041
-1002.64
-1002.001
-1002.64
-1005.8580000000001
-1004.391
-1002.711
-1001.381
-1002.797
-1003.039
-1001.368
-1003.638
-1004.681
-1000.815
-1004.005
-1002.635
-1005.009
-1000.365
-999.234
-1004.506
-1002.546
-1005.6370000000001
-1002.001
-1002.142
-1003.639
-1001.708
-1003.638
-1003.14
-1004.664
-1002.64
-1002.001
-1003.154
-782.0
-1001.517
-1002.635
-1002.635
-1003.779
-1004.849
-1003.001
-916.6
-1001.041
-999.681
-1002.635
-1002.64
-999.876
-1001.819
-1003.189
-1002.635
-1003.14
-1003.639
-1004.792
-1002.015
-1001.992
-1002.642
-1005.972
-999.663
-1004.415
-1003.003
-1003.659
-1003.025
-999.54
-1001.517
-1003.154
-1002.015
-998.081
-1002.64
-1000.815
-1002.142
-1000.365
-1003.154
-1002.635
-1003.779
-1004.157
-1002.142
-1000.618
-1000.198
-1002.635
-1001.821
-1002.015
-1002.635
-1003.708
-1003.14
-1003.003
-1001.033
-1003.0120000000001
-1005.696
-1003.779
-1002.635
-1000.172
-1003.14
-1002.001
-1003.251
-1002.791
-1005.0070000000001
-1002.015
-1000.618
-1002.64
-1002.64
-1003.01
-1003.14
-1278.9
-1006.594
-1003.189
-1003.779
-755.0999999999999
-1001.664
-1001.568
-999.046
-1002.64
-1002.172
-1005.696
-1002.635
-999.753
-1002.015
-1002.001
-1001.517
-1001.642
-999.674
-1002.635
-1002.015
-1000.869
-999.673
-1002.142
-1003.779
-1002.6990000000001
-1591.1
-1002.015
-1006.698
-1001.623
-1001.004
-1003.668
-1002.64
-1003.642
-1003.636
-1002.635
-1002.635
-1001.029
-1003.779
-1002.015
-1001.033
-1003.0020000000001
-1001.586
-1002.023
-999.722
-1001.784
-1002.644
-1002.64
-1001.668
-1002.001
-1001.693
-1002.001
-1000.618
-1001.6460000000001
-1001.862
-1001.6460000000001
-1001.686
-1004.071
-1001.018
-999.397
-1001.652
-1001.647
-1004.45
-998.081
-1003.16
-1004.792
-1003.774
-1003.176
-1004.672
-1002.1370000000001
-1001.6510000000001
-1002.099
-1006.729
-1001.587
-999.98
-1000.618
-1001.682
-1003.639
-1004.617
-1002.995
-1002.635
-1002.015
-1003.779
-1004.119
-1001.64
-1003.025
-1000.317
-1002.015
-1002.001
-1002.64
-1002.015
-1003.774
-1002.015
-1002.015
-1001.6370000000001
-1000.618
-1002.142
-1007.6220000000001
-1001.162
-1001.666
-1003.117
-1002.668
-1004.032
-1002.635
-1002.635
-999.669
-1003.636
-1001.65
-1001.73
-1001.04
-1003.779
-1005.0070000000001
-1002.015
-1004.677
-1000.735
-1002.928
