10000.103000000001
9998.1167
9998.0546
10001.1145
9998.0538
9999.0528
9999.1162
10001.0329
9998.1164
9999.0528
9999.0528
10011.3128
9999.0528
10002.026
10001.0205
10000.1099
9999.1167
10003.1248
10000.1167
10001.1094
9999.0209
10001.1342
9999.0542
10001.1342
9999.0542
10000.0543
10002.119200000001
10001.1236
10003.1465
9999.0542
10002.1105
10001.1094
10001.1342
9999.1167
9999.1167
10002.0893
11001.739
10000.1176
10002.112000000001
10001.0611
9999.1167
10002.101200000001
10012.2845
10001.0687
9999.1162
10001.1094
10001.1145
10002.1145
9999.1732
9999.0542
10001.1094
10012.2213
9999.1162
9999.0635
10000.0195
10010.4275
10009.3858
10013.4655
10012.4285
10010.3485
9999.0231
9999.1162
9997.0566
9999.0542
9999.0542
10320.5
10011.4074
9998.1232
10450.6
10515.8
10003.1252
10010.384600000001
9999.018900000001
10000.0542
10539.7
10001.1342
10001.0199
9998.0557
10011.4271
9999.1162
10000.0403
10012.3835
10000.135
9998.0588
10014.4234
10011.4074
10001.1353
10223.1
9999.0542
10011.4074
10001.1094
10012.4078
10012.4169
10011.4271
9999.0673
10012.4169
9989.368
10002.115
10011.4074
10010.1962
10002.110200000001
9999.0542
10002.0953
9999.1167
10001.1145
9999.1665
10011.4104
10011.4074
10012.4125
10011.193599999999
10001.0329
10011.4271
10010.3114
9999.0542
9999.0542
10002.0231
10001.0542
10003.17
10011.4271
10013.1968
10009.4081
9998.054900000001
9999.0551
10011.193599999999
10001.0205
10012.205
10496.4
9999.0528
9999.0542
10003.1167
9999.1162
10450.6
9999.1167
10002.115
10001.1145
10001.1145
10002.1196
9998.0588
10002.1208
9999.0542
9999.0542
10376.4
10001.1342
10001.1145
10624.3
10000.0544
9996.1206
10012.4285
10376.4
9271.1
10011.193599999999
9998.0543
9665.7
10002.1149
9999.0528
9997.1194
9999.0542
10696.0
10011.4271
10002.1843
10002.1356
9999.0542
9999.107
9998.0222
9999.0542
9998.1183
9999.0542
9999.1167
10013.4096
