-221.10000000000002
-491.79999999999995
-218.2
-151.1
-221.10000000000002
-425.70000000000005
-212.60000000000002
-50.800000000000004
-150.60000000000002
-232.60000000000002
-212.60000000000002
-150.60000000000002
-138.2
-224.60000000000002
-150.60000000000002
-212.60000000000002
-212.60000000000002
-138.5
-212.60000000000002
-157.9
-135.3
-135.3
-135.3
-135.3
-136.8
-135.3
-171.5
-143.3
-135.3
-135.3
-135.3
-212.60000000000002
-212.60000000000002
-213.9
-213.8
-212.60000000000002
-212.60000000000002
-149.2
-149.2
-150.6
-185.3
-214.2
-212.60000000000002
-212.60000000000002
-261.8
-212.60000000000002
-212.60000000000002
-212.60000000000002
-212.60000000000002
-254.0
-212.60000000000002
-212.60000000000002
-212.60000000000002
-212.60000000000002
-212.60000000000002
-217.0
-212.60000000000002
-212.60000000000002
-212.60000000000002
-212.60000000000002
-212.60000000000002
-212.60000000000002
-212.60000000000002
-212.60000000000002
-212.60000000000002
-212.60000000000002
-212.60000000000002
-215.2
-212.60000000000002
-212.60000000000002
-212.60000000000002
-148.7
-216.4
-218.60000000000002
-443.6000000000001
-135.1
-129.1
-135.3
-212.60000000000002
-212.60000000000002
-127.30000000000001
-212.60000000000002
-212.60000000000002
-220.0
-212.60000000000002
-164.0
-212.60000000000002
-261.8
-212.60000000000002
-278.0
-150.60000000000002
-214.8
-235.0
-158.9
-496.0
-212.60000000000002
-212.60000000000002
-214.8
-150.60000000000002
-136.2
-150.60000000000002
-229.5
-226.50000000000003
-212.60000000000002
-151.7
-213.10000000000002
-288.4
-150.60000000000002
-152.5
-214.2
-115.4
-212.60000000000002
-109.8
-153.0
-203.8
-213.10000000000002
-236.60000000000002
-189.9
-212.60000000000002
-212.60000000000002
-213.10000000000002
-149.9
-212.60000000000002
-249.3
-212.60000000000002
-319.5
-214.20000000000002
-433.19999999999993
-56.0
-220.60000000000002
-213.10000000000002
-164.4
-213.10000000000002
-212.60000000000002
-211.8
-150.60000000000002
-425.70000000000005
-212.60000000000002
-236.60000000000002
-213.10000000000002
-316.1
-150.5
-212.60000000000002
-213.10000000000002
-122.4
-228.40000000000003
-150.60000000000002
-206.10000000000002
-329.1
-214.7
-213.10000000000002
-314.7
-213.10000000000002
-213.10000000000002
-150.60000000000002
-213.10000000000002
-213.10000000000002
-220.9
-150.60000000000002
-215.4
-158.5
-136.4
-212.60000000000002
-212.60000000000002
-217.3
-360.5
-280.2
-212.60000000000002
-213.7
-212.60000000000002
-220.3
-212.60000000000002
-212.60000000000002
-213.10000000000002
-148.7
-220.4
-212.60000000000002
-212.60000000000002
-151.8
-267.4
-135.3
-218.8
-212.60000000000002
-212.60000000000002
-212.60000000000002
-150.60000000000002
-212.60000000000002
-212.60000000000002
-213.3
-151.3
-212.60000000000002
-326.5
-211.7
-135.3
-135.3
-216.0
-326.5
-0.7780999999995402
-212.7
-213.4
-212.60000000000002
-212.60000000000002
-156.7
-212.60000000000002
-143.8
-213.10000000000002
-217.4
-137.5
-212.60000000000002
-212.60000000000002
-215.7
-215.2
-135.3
-212.60000000000002
-213.10000000000002
-136.7
-141.9
-271.9
-212.60000000000002
-261.8
-211.7
-156.3
-278.0
-212.60000000000002
-461.7000000000001
-215.2
-261.8
-212.60000000000002
-278.0
-212.10000000000002
-212.60000000000002
-212.60000000000002
-286.8
-212.60000000000002
-212.60000000000002
-212.60000000000002
-213.8
-113.0
-212.60000000000002
-214.2
-216.5
-248.4
-138.8
-330.20000000000005
-138.6
-214.2
-212.60000000000002
-214.8
-216.2
-216.2
-268.9
-212.60000000000002
-328.20000000000005
-212.60000000000002
-212.60000000000002
-192.5
-197.9
-265.20000000000005
-212.60000000000002
-229.60000000000002
-263.70000000000005
-214.60000000000002
-214.8
-264.9
-212.60000000000002
-136.5
-213.7
-266.4
-222.10000000000002
-136.7
-217.3
-364.9
-212.60000000000002
-149.2
-216.0
-212.60000000000002
-214.3
-212.60000000000002
-134.8
-212.60000000000002
-135.3
-135.3
-263.5
-213.8
-135.3
-214.10000000000002
-135.3
-212.60000000000002
-219.0
-212.60000000000002
-219.2
-261.8
-220.60000000000002
-218.8
-164.3
-218.2
-212.60000000000002
-326.5
-326.5
-471.0
-316.3
-153.20000000000002
-212.60000000000002
-330.6
-213.9
-211.7
-216.0
-157.8
-135.3
-214.2
-286.0
-212.60000000000002
-212.60000000000002
-213.8
-212.60000000000002
-212.60000000000002
-221.8
-247.3
-212.0
-314.7
-212.60000000000002
-211.9
-213.10000000000002
-213.8
-230.2
-212.60000000000002
-212.60000000000002
-213.7
-216.10000000000002
-215.5
-214.5
-296.5
-213.8
-135.3
-137.5
-214.8
-216.9
-212.60000000000002
-135.3
-220.4
-213.7
-214.0
-215.8
-136.4
-150.60000000000002
-328.0
-212.60000000000002
-139.1
-330.6
-215.2
-212.60000000000002
-212.60000000000002
-214.3
-213.10000000000002
-212.60000000000002
-212.60000000000002
-212.60000000000002
-217.10000000000002
-213.8
-150.60000000000002
-212.60000000000002
-229.70000000000002
-215.2
-211.8
-215.9
-261.8
-261.8
-212.7
-250.8
-187.10000000000002
-261.8
-163.5
-276.9
-268.0
-262.9
-333.20000000000005
-218.7
-212.60000000000002
-269.6
-223.3
-212.60000000000002
-327.70000000000005
-211.8
-311.8
-212.60000000000002
-546.7
-212.60000000000002
-226.0
-212.60000000000002
-137.9
-214.3
-212.2
-214.10000000000002
-218.8
-252.8
-212.60000000000002
-212.60000000000002
-212.60000000000002
-212.60000000000002
-212.60000000000002
-261.8
-247.3
-170.0
-212.60000000000002
-218.8
-220.60000000000002
-220.60000000000002
-220.60000000000002
-220.60000000000002
-220.60000000000002
-220.60000000000002
-212.60000000000002
-212.60000000000002
-221.10000000000002
-212.60000000000002
-140.7
-261.8
-213.10000000000002
-219.7
-212.60000000000002
-212.60000000000002
-219.7
-212.60000000000002
-213.9
-214.2
-1.7960000000002765
-211.8
-212.60000000000002
-135.3
-212.60000000000002
-212.60000000000002
-225.8
-215.8
-212.60000000000002
-135.3
-150.60000000000002
-156.7
-220.60000000000002
-226.0
-230.0
-215.9
-261.8
-212.60000000000002
-136.4
-135.3
-212.60000000000002
-212.60000000000002
-230.60000000000002
-212.60000000000002
-0.7971999999990658
-214.8
-214.2
-213.9
-187.10000000000002
-212.60000000000002
-218.2
-215.2
-326.5
-215.3
-216.4
-136.7
-212.4
-150.60000000000002
-215.2
-212.60000000000002
-212.60000000000002
-212.60000000000002
-216.8
-135.3
-214.60000000000002
-214.3
-314.3
-212.60000000000002
-215.10000000000002
-212.60000000000002
-215.2
-212.60000000000002
-212.60000000000002
-212.60000000000002
-261.8
-213.9
-150.9
-212.7
-212.60000000000002
-135.3
-226.5
-352.20000000000005
-135.3
-116.30000000000001
-263.1
-135.3
-213.9
-212.60000000000002
-212.60000000000002
-135.3
-138.2
-135.3
-135.3
-223.0
-212.60000000000002
-135.3
-211.9
-221.10000000000002
-512.3
-212.60000000000002
-220.4
-212.60000000000002
-135.3
-216.0
-278.0
-136.8
-217.0
-212.60000000000002
-212.60000000000002
-249.20000000000002
-311.3
-249.3
-215.2
-214.8
-135.3
-135.3
-216.0
-211.7
-216.0
-216.0
-213.2
-212.60000000000002
-212.5
-214.4
-212.60000000000002
-212.60000000000002
-261.5
-229.10000000000002
-212.60000000000002
-215.2
-145.2
-214.4
-212.60000000000002
-212.60000000000002
-212.60000000000002
-212.60000000000002
-212.60000000000002
-212.60000000000002
-212.60000000000002
-211.60000000000002
-212.60000000000002
-212.60000000000002
-211.8
-511.5
-2.0850000000000364
-263.0
-261.8
-212.60000000000002
-211.8
-220.60000000000002
-212.60000000000002
-217.10000000000002
-1.7947999999996682
-153.7
-212.60000000000002
-212.60000000000002
-212.60000000000002
-216.0
-216.4
-184.5
-212.60000000000002
-215.3
-218.2
-192.8
-150.60000000000002
-212.60000000000002
-135.3
-214.4
-212.60000000000002
-212.60000000000002
-136.5
-121.9
-222.8
-212.60000000000002
-212.60000000000002
-212.60000000000002
-135.3
-212.60000000000002
-217.5
-212.60000000000002
-212.60000000000002
-214.4
-212.60000000000002
-220.60000000000002
-212.0
-212.60000000000002
-0.7994999999991705
-212.60000000000002
-327.6
-211.8
-262.9
-162.10000000000002
-135.3
-226.0
-230.8
-213.7
-212.60000000000002
-212.60000000000002
-261.8
-150.5
-219.7
-214.2
-212.60000000000002
-135.3
-261.8
-212.60000000000002
-212.60000000000002
-217.5
-214.8
-231.60000000000002
-212.60000000000002
-221.2
-212.60000000000002
-504.1000000000001
-326.5
-262.9
-212.60000000000002
-184.5
-213.7
-136.8
-224.2
-212.60000000000002
-214.8
-212.60000000000002
-212.60000000000002
-212.60000000000002
-417.1999999999989
-1.794899999998961
-0.7994999999991705
-1.7987999999986641
-212.60000000000002
-212.60000000000002
-212.60000000000002
-212.60000000000002
-215.4
-212.60000000000002
-212.60000000000002
-217.10000000000002
-261.8
-212.60000000000002
-212.60000000000002
-326.5
-213.7
-149.2
-215.5
-213.7
-370.70000000000005
-212.0
-226.0
-212.60000000000002
-212.60000000000002
-218.0
-135.3
-135.3
-249.20000000000002
-135.3
-135.3
-212.60000000000002
-212.60000000000002
-217.0
-226.0
-264.5
-192.8
-219.7
-213.10000000000002
-213.3
-135.1
-150.6
-311.3
-443.6000000000001
-367.6
-311.8
-223.0
-425.70000000000005
-220.7
-148.60000000000002
-509.9
-224.0
-222.7
-220.60000000000002
-214.10000000000002
-311.8
-150.60000000000002
-212.60000000000002
-148.5
-330.20000000000005
-212.60000000000002
-212.60000000000002
-213.9
-223.5
-326.5
-268.20000000000005
-135.3
-212.60000000000002
-212.60000000000002
-261.8
-135.3
-1.7991999999994732
-215.5
-149.2
-152.20000000000002
-214.3
-214.7
-212.60000000000002
-212.60000000000002
-252.50000000000003
-136.5
-227.8
-216.60000000000002
-214.2
-212.60000000000002
-212.60000000000002
-212.60000000000002
-212.60000000000002
-115.9
-261.8
-212.60000000000002
-212.60000000000002
-212.60000000000002
-213.4
-137.8
-220.60000000000002
-223.0
-212.60000000000002
-212.60000000000002
-212.60000000000002
-150.6
-216.4
-212.60000000000002
-113.4
-214.0
-139.4
-213.4
-216.8
-212.60000000000002
-213.8
-164.3
-212.60000000000002
-150.60000000000002
-217.10000000000002
-212.60000000000002
-214.7
-312.5
-311.3
-212.60000000000002
-114.4
-135.3
-223.8
-249.3
-212.60000000000002
-213.8
-499.50000000000006
-212.60000000000002
-212.60000000000002
-212.60000000000002
-212.60000000000002
-212.60000000000002
-213.10000000000002
-319.3
-135.3
-138.4
-154.0
-213.0
-135.3
-134.6
-134.5
-135.3
-213.7
-168.0
-326.5
-217.10000000000002
-220.4
-212.60000000000002
-212.60000000000002
-212.60000000000002
-261.8
-0.7994999999991705
-215.8
-215.9
-212.60000000000002
-213.8
-221.10000000000002
-212.60000000000002
-139.7
-212.60000000000002
-250.4
-217.7
-212.60000000000002
-152.0
-212.60000000000002
-263.20000000000005
-135.3
-136.8
-138.1
-140.4
-136.5
-135.3
-135.0
-135.3
-136.6
-135.3
-135.3
-144.3
-212.60000000000002
-212.60000000000002
-214.10000000000002
-212.60000000000002
-217.9
-220.4
-135.3
-216.3
-212.60000000000002
-143.1
-136.7
-136.7
-135.3
-315.8
-219.7
-213.8
-212.60000000000002
-262.70000000000005
-195.9
-212.60000000000002
-183.60000000000002
-247.3
-214.3
-272.0
-136.5
-212.60000000000002
-212.60000000000002
-212.60000000000002
-212.60000000000002
-212.60000000000002
-134.5
-212.60000000000002
-212.60000000000002
-212.60000000000002
-313.0
-212.60000000000002
-153.0
-135.3
-135.3
-214.8
-150.60000000000002
-212.60000000000002
-262.6
-213.7
-212.60000000000002
-261.8
-152.4
-212.60000000000002
-263.6
-212.60000000000002
-216.3
-216.3
-149.4
-212.60000000000002
-135.3
-135.3
-156.7
-214.2
-218.9
-213.8
-215.2
-141.0
-212.60000000000002
-212.60000000000002
-115.9
-214.3
-212.60000000000002
-228.8
-216.7
-212.60000000000002
-263.4
-212.60000000000002
-216.4
-212.60000000000002
-380.6
-212.0
-213.10000000000002
-212.60000000000002
-213.10000000000002
-0.7994999999991705
-139.20000000000002
-135.3
-135.3
-212.60000000000002
-184.5
-216.2
-213.9
-212.60000000000002
-212.60000000000002
-260.1
-214.2
-311.3
-150.60000000000002
-212.60000000000002
-212.60000000000002
-212.60000000000002
-215.3
-135.3
-277.70000000000005
-212.60000000000002
-135.3
-212.60000000000002
-138.2
-212.60000000000002
-212.60000000000002
-212.60000000000002
-184.5
-218.60000000000002
-214.2
-212.0
-213.8
-212.60000000000002
-0.7994999999991705
-213.8
-214.60000000000002
-217.0
-212.60000000000002
-150.10000000000002
-212.60000000000002
-218.8
-334.5
-212.60000000000002
-220.4
-249.3
-218.5
-220.60000000000002
-213.0
-213.9
-212.60000000000002
-214.3
-212.60000000000002
