375.7
419.59999999999997
497.09999999999997
374.59999999999997
375.9
-10001.182
419.59999999999997
419.59999999999997
653.0
399.9
186.10000000000002
-10001.182
-9999.0982
-9998.0871
352.59999999999997
-221.10000000000002
10000.103000000001
110.4
451.0
2580.4
677.4000000000001
-1000.554
419.59999999999997
-491.79999999999995
-218.2
213.3
464.4
-1002.234
-151.1
1005.122
-1001.366
1001.568
1001.409
1004.3679999999999
165.5
1002.698
99.9
394.79999999999995
-221.10000000000002
1000.5809999999999
1003.779
9998.1167
-1003.0120000000001
496.9
-425.70000000000005
-212.60000000000002
19.8
-50.800000000000004
213.3
-1003.14
426.5
-999.367
217.7
200.4
116.1
1002.0659999999999
358.29999999999995
-999.665
-1001.6460000000001
378.9
1004.79
-1001.686
496.9
-1000.365
402.9
-1000.365
-9990.493400000001
-1002.635
-844.3000000000001
419.59999999999997
186.10000000000002
-10001.182
186.10000000000002
-1001.665
-150.60000000000002
403.59999999999997
1003.4169999999999
-232.60000000000002
-212.60000000000002
419.59999999999997
1003.7729999999999
-150.60000000000002
399.9
186.10000000000002
419.59999999999997
186.10000000000002
495.79999999999995
338.7
-138.2
98.60000000000001
373.7
188.8
375.7
399.9
417.59999999999997
1001.7239999999999
185.4
-10001.182
-10001.182
-10001.182
-10001.182
-10001.182
-1003.655
-10013.262200000001
-10001.182
-1004.669
-10001.182
-10001.182
-10001.182
-10001.182
-10001.182
-10001.182
-10001.182
-10001.182
-10001.182
-10001.182
-224.60000000000002
-10193.599999999999
-10001.182
-10001.182
-10002.1888
-1001.8770000000001
-10001.182
-10002.1872
-10001.182
-10001.182
-10001.182
-10001.182
-10001.182
-10001.182
-10001.182
-10001.182
-10001.182
9998.0546
337.59999999999997
-10002.121500000001
337.59999999999997
-150.60000000000002
1000.6289999999999
-212.60000000000002
381.5
374.59999999999997
-212.60000000000002
401.7
-10001.182200000001
186.10000000000002
186.10000000000002
186.10000000000002
186.10000000000002
186.10000000000002
186.10000000000002
186.10000000000002
369.90000000000003
369.90000000000003
186.10000000000002
186.10000000000002
-10000.1789
204.3
186.10000000000002
186.10000000000002
186.10000000000002
186.10000000000002
204.3
1310.8000000000002
186.10000000000002
188.60000000000002
186.10000000000002
419.59999999999997
-138.5
374.59999999999997
1019.9689999999999
399.9
399.9
-10003.1838
374.59999999999997
-212.60000000000002
419.59999999999997
-157.9
499.29999999999995
418.79999999999995
421.4
399.9
-135.3
-135.3
-135.3
-135.3
-136.8
-135.3
-10001.1042
-171.5
-143.3
324.5
-135.3
-135.3
375.4
322.5
-135.3
322.29999999999995
496.9
342.2
1004.1709999999999
722.5
-10000.1789
419.59999999999997
419.59999999999997
419.59999999999997
419.59999999999997
419.59999999999997
419.59999999999997
419.59999999999997
419.59999999999997
419.59999999999997
438.09999999999997
419.59999999999997
605.7
420.9
419.59999999999997
419.59999999999997
421.09999999999997
419.59999999999997
419.59999999999997
419.59999999999997
421.4
886.4
2939.8
1703.3000000000002
653.0
671.2
536.3
1004.223
516.5999999999999
419.59999999999997
422.59999999999997
419.59999999999997
419.59999999999997
517.5
421.2
419.59999999999997
422.09999999999997
419.59999999999997
419.59999999999997
419.59999999999997
437.79999999999995
419.59999999999997
419.59999999999997
419.59999999999997
722.5
419.59999999999997
438.09999999999997
422.0
722.5
419.59999999999997
722.5
419.59999999999997
419.59999999999997
722.4000000000001
418.79999999999995
418.7
419.59999999999997
419.59999999999997
419.59999999999997
419.59999999999997
419.59999999999997
419.59999999999997
419.59999999999997
435.0
419.59999999999997
839.1999999999999
622.1999999999999
425.9
769.7
399.5
187.7
-1005.681
-212.60000000000002
186.10000000000002
419.59999999999997
419.59999999999997
403.4
379.29999999999995
384.59999999999997
-212.60000000000002
-10001.182
375.9
10001.1145
399.9
399.9
399.9
593.9
402.29999999999995
399.9
399.9
496.9
399.5
399.9
399.9
399.9
403.0
1004.1709999999999
401.59999999999997
439.2
1002.0659999999999
-213.9
407.9
458.9
186.10000000000002
738.8999999999999
356.0
513.8
-213.8
419.59999999999997
1032.875
1002.0659999999999
-1001.862
419.59999999999997
1005.0329999999999
416.29999999999995
376.0
-212.60000000000002
-212.60000000000002
399.9
-149.2
-1002.001
1001.583
336.2
-1003.024
-1002.001
-1003.414
1001.554
-149.2
430.0
-1002.001
-150.6
-185.3
375.5
1001.554
-1003.003
339.29999999999995
9998.0538
2003.62
352.59999999999997
1000.559
352.59999999999997
9999.0528
97.10000000000001
1001.083
-10001.088
-9991.4536
432.09999999999997
419.59999999999997
-1001.667
186.10000000000002
186.10000000000002
-10001.182
399.9
9999.1162
-214.2
-999.6800000000001
-212.60000000000002
375.5
374.59999999999997
-10001.182
196.10000000000002
186.10000000000002
394.79999999999995
488.99999999999994
342.2
204.3
488.99999999999994
378.2
404.79999999999995
1017.9799999999999
-212.60000000000002
-261.8
374.59999999999997
374.59999999999997
374.59999999999997
374.59999999999997
374.59999999999997
407.9
446.29999999999995
446.29999999999995
374.59999999999997
374.59999999999997
1003.261
374.09999999999997
168.3
413.9
373.79999999999995
375.9
374.59999999999997
165.9
379.7
446.29999999999995
374.59999999999997
384.59999999999997
446.29999999999995
384.59999999999997
374.59999999999997
336.4
407.4
591.2
401.0
186.10000000000002
1001.568
10001.0329
374.59999999999997
-999.876
420.79999999999995
-212.60000000000002
-212.60000000000002
-212.60000000000002
-212.60000000000002
-254.0
-1007.655
516.3
517.7
-212.60000000000002
-212.60000000000002
-212.60000000000002
-212.60000000000002
-1001.694
-212.60000000000002
-217.0
-212.60000000000002
-212.60000000000002
-212.60000000000002
-212.60000000000002
-212.60000000000002
-212.60000000000002
-212.60000000000002
-212.60000000000002
-212.60000000000002
-9991.3961
401.09999999999997
-10001.0858
-10003.1221
186.10000000000002
-212.60000000000002
-212.60000000000002
185.2
419.79999999999995
375.9
401.2
-1003.019
-215.2
-212.60000000000002
419.59999999999997
136.7
447.4
374.59999999999997
1000.5909999999999
186.10000000000002
419.59999999999997
-1004.697
-212.60000000000002
-1005.105
1017.1519999999999
-212.60000000000002
420.79999999999995
9998.1164
-148.7
-216.4
-218.60000000000002
89.60000000000001
446.29999999999995
-1002.635
377.2
399.09999999999997
419.59999999999997
352.59999999999997
131.0
9999.0528
374.59999999999997
378.2
187.2
126.7
186.10000000000002
1016.9549999999999
419.59999999999997
-1001.797
-1002.001
-443.6000000000001
766.0
1002.7779999999999
458.9
-1003.779
352.59999999999997
-1002.635
1004.324
342.2
-135.1
343.9
1005.0509999999999
-10000.1789
1001.554
-1004.143
1001.0909999999999
416.5
2002.922
9999.0528
10011.3128
-999.687
315.29999999999995
315.29999999999995
315.29999999999995
-1002.001
-1002.001
746.0
513.2
1000.082
9999.0528
-1003.005
10002.026
-129.1
389.4
1004.3449999999999
374.59999999999997
399.9
99.8
378.09999999999997
1002.0659999999999
402.9
403.4
313.4
419.59999999999997
-135.3
568.5
1003.781
399.9
-212.60000000000002
400.79999999999995
303.5
435.0
-1004.114
-212.60000000000002
-127.30000000000001
51.5
413.9
-1000.618
-1003.163
-10001.182
382.29999999999995
-10001.182
-1002.635
374.59999999999997
-212.60000000000002
419.59999999999997
-999.674
-10001.182
-9894.900000000001
-10002.121500000001
186.10000000000002
488.99999999999994
378.9
-1000.317
410.19999999999993
-10001.182
-212.60000000000002
-220.0
-10001.182
399.9
-1004.032
-1001.159
399.9
-10001.182
314.7
-212.60000000000002
186.10000000000002
419.59999999999997
186.10000000000002
374.59999999999997
-998.772
423.7
-164.0
-1002.791
-10001.182
488.99999999999994
186.10000000000002
186.10000000000002
169.10000000000002
186.10000000000002
186.10000000000002
186.10000000000002
-1002.015
1003.226
421.5
399.9
399.9
399.9
-1596.3999999999999
-10001.182
448.59999999999997
399.9
-212.60000000000002
391.0
186.10000000000002
-1003.644
193.0
-261.8
1527.2
439.2
186.10000000000002
399.9
419.59999999999997
419.59999999999997
399.9
-1000.618
-9998.1906
399.9
399.9
354.0
424.7
186.10000000000002
186.10000000000002
186.10000000000002
418.79999999999995
399.4
-10002.1821
186.10000000000002
374.59999999999997
-212.60000000000002
407.09999999999997
-278.0
399.9
399.9
515.9
399.9
186.10000000000002
418.7
-150.60000000000002
399.9
-10305.4
722.5
326.49999999999994
505.4
395.79999999999995
-1002.015
10001.0205
-214.8
399.9
-1003.644
1003.4419999999999
-1003.14
10000.1099
-235.0
495.6
-1003.64
-158.9
407.9
-10001.1224
1004.1709999999999
2002.77
-496.0
-1002.015
1003.247
458.9
115.4
-1005.756
-212.60000000000002
380.79999999999995
-10001.0858
196.8
-1002.015
1002.9449999999999
1001.2209999999999
9999.1167
1194.0
-212.60000000000002
399.59999999999997
-1002.923
193.3
-1002.001
134.7
342.2
-214.8
402.79999999999995
110.4
447.9
-150.60000000000002
-1002.641
1003.5759999999999
396.59999999999997
189.3
-136.2
539.4
10003.1248
-1001.725
-150.60000000000002
-229.5
-226.50000000000003
1001.189
-212.60000000000002
1003.4709999999999
257.8
-1002.015
1003.7729999999999
2002.339
416.0
-1002.732
1005.034
1004.3679999999999
-9999.2024
376.9
1002.193
10000.1167
-151.7
-10000.1556
-213.10000000000002
1502.4
1004.3679999999999
1002.193
-998.667
536.3
1015.3449999999999
325.29999999999995
-1002.64
1003.7239999999999
1000.574
-1001.062
-288.4
-1002.635
-150.60000000000002
446.0
283.3
-152.5
-214.2
702.8
394.79999999999995
511.5
-115.4
1510.9
-10003.090400000001
336.2
10001.1094
-212.60000000000002
-1003.6510000000001
-109.8
647.1
394.79999999999995
346.59999999999997
-1003.039
-1002.001
9999.0209
-1002.001
-1003.2760000000001
-1003.039
-1002.145
1000.584
-1002.001
419.59999999999997
-1001.016
10001.1342
1004.1199999999999
9999.0542
-1001.725
-153.0
10001.1342
9999.0542
194.2
-1004.3720000000001
417.2
1413.3000000000002
-1000.567
697.6999999999999
-1002.635
452.9
110.4
10000.0543
-1278.9
415.79999999999995
470.7
191.2
1002.4159999999999
-1002.5980000000001
681.3
-203.8
10002.119200000001
1003.9179999999999
-1000.365
399.9
1001.554
-1002.64
-213.10000000000002
1007.7769999999999
1014.939
-10001.1206
1003.632
396.19999999999993
436.59999999999997
-999.817
-1002.015
1508.5
1508.5
1508.5
1508.5
1508.5
1508.5
1508.5
1508.5
1508.5
1508.5
-1002.015
220.8
-236.60000000000002
-189.9
-1003.657
1001.568
394.79999999999995
-212.60000000000002
1001.568
436.59999999999997
1957.2000000000003
419.59999999999997
110.4
10001.1236
-1278.9
394.79999999999995
1005.1229999999999
394.79999999999995
684.9
336.2
376.9
-999.373
1490.5
-1002.635
1002.193
1000.434
1805.3000000000002
419.59999999999997
-10002.121500000001
-212.60000000000002
1001.568
336.2
394.7
-1002.64
999.583
1004.3679999999999
-999.386
374.59999999999997
591.1
90.2
-213.10000000000002
-1002.015
446.29999999999995
-149.9
337.59999999999997
1002.193
-1002.635
-1278.4
-1002.001
419.59999999999997
110.4
-10002.183500000001
1002.188
413.9
399.59999999999997
342.2
-1002.015
2006.186
-1004.189
1016.7719999999999
110.4
-212.60000000000002
1003.9749999999999
-249.3
434.09999999999997
-212.60000000000002
10003.1465
110.10000000000001
-10000.1338
1000.0659999999999
-1004.144
226.60000000000002
1001.568
9999.0542
10002.1105
-319.5
1001.554
394.79999999999995
-1002.64
382.59999999999997
-1002.64
348.0
-214.20000000000002
10001.1094
1017.0489999999999
1004.0699999999999
95.5
1000.5889999999999
439.2
1232.2
436.59999999999997
1002.0659999999999
10001.1342
-433.19999999999993
-1004.109
9999.1167
2006.382
-1001.019
1003.996
-1002.635
-1002.635
419.59999999999997
376.9
374.59999999999997
1786.6
1527.2
1484.0
54.0
9999.1167
314.7
391.59999999999997
421.2
-56.0
-220.60000000000002
110.10000000000001
-213.10000000000002
392.9
-164.4
376.9
1000.0659999999999
1175.0
283.1
-213.10000000000002
439.4
-1002.635
-1001.517
-1002.64
-1002.001
137.0
396.2
-212.60000000000002
1000.0659999999999
405.29999999999995
-211.8
436.59999999999997
-1216.4
436.59999999999997
1004.775
-1002.015
-150.60000000000002
1001.1919999999999
18.0
-1002.001
-425.70000000000005
1002.193
-212.60000000000002
342.2
-1000.365
1004.223
-1000.618
10002.0893
-236.60000000000002
1002.188
110.10000000000001
-213.10000000000002
522.0
-316.1
-1000.365
1003.2349999999999
-150.5
1000.4259999999999
436.59999999999997
11001.739
10000.1176
10002.112000000001
-1001.022
10001.0611
385.5
-212.60000000000002
1017.6579999999999
415.5
415.5
415.5
415.5
415.5
415.5
415.5
415.5
-213.10000000000002
9999.1167
-10000.2006
-1002.64
-122.4
-1003.655
-228.40000000000003
10002.101200000001
-1000.393
-1000.702
1004.3679999999999
394.79999999999995
133.0
1002.669
396.69999999999993
-1002.64
-150.60000000000002
1019.2749999999999
-1000.567
-206.10000000000002
-1002.015
10012.2845
-1002.015
-1001.016
10001.0687
9999.1162
-1004.7810000000001
446.29999999999995
419.59999999999997
189.0
-329.1
127.5
377.7
353.7
-10001.3304
374.59999999999997
2005.5369999999998
1830.1000000000001
193.9
439.4
-1001.517
10001.1094
1497.0
2001.918
10001.1145
1001.741
1002.069
1000.6909999999999
-1000.634
420.69999999999993
10002.1145
-1002.015
1460.0
1002.986
9999.1732
-214.7
-1002.142
2002.902
110.10000000000001
-213.10000000000002
-10003.1261
381.4
1001.423
361.59999999999997
-1003.779
-314.7
186.10000000000002
1004.1709999999999
729.3
-213.10000000000002
-1002.821
-1001.091
401.69999999999993
165.9
-1004.721
1005.1339999999999
1006.6429999999999
402.4
-1000.98
515.0999999999999
980.4
115.5
436.59999999999997
436.0
1000.6199999999999
375.5
399.79999999999995
729.3
-999.672
1001.741
1004.468
436.59999999999997
1544.2
454.29999999999995
-1002.64
387.0
1015.8799999999999
1000.0659999999999
-213.10000000000002
9999.0542
110.4
999.0559999999999
397.29999999999995
394.79999999999995
-150.60000000000002
-213.10000000000002
-213.10000000000002
10001.1094
-1000.618
1001.554
413.9
10012.2213
-1279.6
305.7
580.9
1507.5
413.29999999999995
681.3
439.2
-999.455
162.8
9999.1162
9999.0635
1000.0519999999999
-220.9
-1001.7570000000001
999.1959999999999
999.193
407.0
-1005.167
1002.2109999999999
419.59999999999997
-150.60000000000002
1016.728
1001.717
-1003.02
399.9
-215.4
-158.5
438.09999999999997
374.0
417.9
426.7
313.4
419.59999999999997
-136.4
186.10000000000002
438.79999999999995
419.59999999999997
415.7
5.788000000000011
528.3
456.79999999999995
342.2
399.9
-1001.639
498.2
376.0
312.2
429.29999999999995
1303.7
419.59999999999997
10000.0195
-212.60000000000002
-212.60000000000002
-10001.182
382.9
186.10000000000002
-1003.016
384.59999999999997
-217.3
399.9
419.59999999999997
110.4
605.7
188.9
-10001.182
186.10000000000002
-360.5
-280.2
-212.60000000000002
374.59999999999997
399.9
399.9
10010.4275
374.59999999999997
337.79999999999995
419.59999999999997
187.3
419.59999999999997
375.7
419.59999999999997
712.0
399.9
399.9
399.9
186.10000000000002
1000.5709999999999
10009.3858
1014.9619999999999
-999.626
-213.7
186.10000000000002
419.59999999999997
-212.60000000000002
419.59999999999997
185.3
400.4
439.2
421.0
-10001.182
722.5
-220.3
653.0
399.9
418.79999999999995
-1004.1560000000001
399.4
376.9
419.59999999999997
186.10000000000002
-212.60000000000002
402.4
374.59999999999997
-212.60000000000002
-10001.182
-213.10000000000002
419.59999999999997
443.0000000000001
-10001.182
-148.7
-10001.182
-220.4
399.59999999999997
186.10000000000002
-212.60000000000002
-10001.182
-10001.182
420.9
419.59999999999997
1541.1000000000001
-212.60000000000002
-1001.839
-10298.8
419.59999999999997
-151.8
399.59999999999997
388.2
-267.4
399.9
377.7
438.5
186.10000000000002
399.9
862.7
-10001.182
186.10000000000002
186.10000000000002
-10000.1821
186.10000000000002
186.10000000000002
-135.3
374.59999999999997
399.9
488.99999999999994
282.6
458.9
401.29999999999995
516.5999999999999
-10001.1222
-1001.381
-218.8
424.5
-10001.182
516.3
421.0
10013.4655
743.0999999999999
378.79999999999995
355.7
-10001.182
-10002.1201
419.59999999999997
186.10000000000002
399.9
399.9
419.59999999999997
-212.60000000000002
439.2
399.9
-10000.1825
399.9
10012.4285
-10395.599999999999
516.8
399.9
399.4
399.9
420.5
399.9
407.59999999999997
-1002.669
399.9
399.9
399.0
401.0
-10001.182
401.4
-212.60000000000002
399.9
-212.60000000000002
-150.60000000000002
373.9
401.0
10010.3485
-212.60000000000002
1492.5
399.9
410.4
204.60000000000002
-10001.182
399.9
444.0
399.9
400.7
399.9
622.1999999999999
-212.60000000000002
-213.3
-151.3
416.0
399.9
-10002.182200000001
450.5
-999.665
374.59999999999997
374.59999999999997
488.99999999999994
-212.60000000000002
399.9
-10002.1844
-326.5
198.5
399.9
516.5999999999999
-211.7
-1002.373
-1000.198
378.59999999999997
-135.3
399.9
-10002.1821
399.9
186.10000000000002
204.60000000000002
413.9
399.9
-135.3
384.59999999999997
1004.9849999999999
-999.625
399.9
374.59999999999997
425.29999999999995
186.2
374.59999999999997
2003.3449999999998
-1000.365
376.09999999999997
398.09999999999997
377.29999999999995
374.59999999999997
-10001.182
-10001.182
-10000.1915
494.09999999999997
168.9
325.29999999999995
399.2
-216.0
400.0
1000.5649999999999
1016.1629999999999
412.9
-326.5
-0.7780999999995402
9999.0231
-212.7
-213.4
460.7
438.9
722.5
-212.60000000000002
419.59999999999997
352.59999999999997
418.9
-999.54
394.79999999999995
399.9
399.9
1014.8169999999999
719.1999999999999
-212.60000000000002
399.9
-10000.1789
-156.7
-10001.182
-212.60000000000002
374.59999999999997
-10002.1823
-10001.182
-143.8
399.9
767.5999999999999
-10003.189
-10002.1888
419.59999999999997
-213.10000000000002
-10301.3
-10001.182
278.0
399.9
204.60000000000002
399.5
186.10000000000002
399.9
374.59999999999997
374.59999999999997
399.0
-217.4
-1003.6510000000001
375.79999999999995
374.59999999999997
1016.8469999999999
1014.67
488.99999999999994
428.0
-137.5
-10001.182
436.0
722.5
729.5999999999999
419.59999999999997
321.09999999999997
-212.60000000000002
-10430.3
-212.60000000000002
379.7
-10299.8
-215.7
-1002.001
-215.2
376.2
-10002.1836
-1001.691
-135.3
-212.60000000000002
374.79999999999995
399.9
422.29999999999995
-10003.1937
-213.10000000000002
419.59999999999997
419.59999999999997
411.2
354.0
436.0
426.79999999999995
436.0
419.59999999999997
-10001.182
399.9
384.59999999999997
399.9
419.59999999999997
186.10000000000002
415.29999999999995
-10001.088
488.99999999999994
186.10000000000002
-136.7
186.10000000000002
186.10000000000002
1544.2
-141.9
-1004.662
134.0
401.2
-271.9
-1004.799
1001.068
1001.409
-212.60000000000002
-261.8
186.10000000000002
187.4
-211.7
399.9
618.1999999999999
401.4
186.10000000000002
399.9
374.59999999999997
-156.3
418.9
186.10000000000002
399.9
419.59999999999997
-278.0
524.4
-1003.6610000000001
2003.779
399.9
186.10000000000002
409.9
488.99999999999994
399.9
399.9
419.59999999999997
399.9
419.59999999999997
488.99999999999994
419.59999999999997
186.10000000000002
-10002.1826
373.9
374.59999999999997
1014.131
419.59999999999997
204.60000000000002
494.3999999999999
488.99999999999994
394.79999999999995
399.9
-1298.9
-1000.365
1002.0659999999999
1003.2719999999999
374.59999999999997
399.59999999999997
-212.60000000000002
-10001.182
-10001.0863
375.9
186.10000000000002
186.10000000000002
399.9
494.7
2006.841
-10001.182
419.59999999999997
-461.7000000000001
196.3
-10001.182
1019.16
186.10000000000002
-10001.182
-1002.015
369.90000000000003
-10001.182
186.10000000000002
-215.2
186.10000000000002
-1003.774
-1003.821
-10001.182
1014.9619999999999
-261.8
-10002.1866
421.0
-212.60000000000002
-10001.182
423.79999999999995
-278.0
419.59999999999997
-212.10000000000002
186.10000000000002
-212.60000000000002
-212.60000000000002
-10012.286
-10002.1888
186.10000000000002
186.10000000000002
193.0
-10001.182
-10000.1834
419.7
401.0
488.4
197.2
186.10000000000002
1000.5759999999999
419.59999999999997
394.79999999999995
419.59999999999997
186.10000000000002
186.10000000000002
204.3
186.10000000000002
-286.8
186.10000000000002
186.10000000000002
186.10000000000002
1524.8000000000002
189.2
419.59999999999997
-10000.1915
-10003.1837
186.10000000000002
186.10000000000002
-10001.182
-10296.9
-212.60000000000002
908.5999999999999
1014.9619999999999
-10002.1826
-212.60000000000002
186.10000000000002
458.9
186.10000000000002
-10000.2256
419.59999999999997
186.10000000000002
204.60000000000002
186.10000000000002
186.10000000000002
-212.60000000000002
186.10000000000002
9999.1162
186.10000000000002
-213.8
-113.0
399.9
419.59999999999997
187.0
374.59999999999997
337.4
399.9
374.59999999999997
-9998.189400000001
374.59999999999997
9997.0566
399.9
419.0
401.5
374.59999999999997
-212.60000000000002
399.9
99.9
-214.2
-216.5
419.59999999999997
399.9
418.4
186.10000000000002
-248.4
399.0
-1001.144
399.2
342.2
187.10000000000002
186.10000000000002
399.9
399.9
415.59999999999997
488.99999999999994
419.59999999999997
712.8
-10001.1986
399.9
186.10000000000002
1016.9549999999999
1017.0999999999999
-138.8
384.0
429.59999999999997
488.9
429.59999999999997
214.3
399.9
374.59999999999997
-330.20000000000005
401.59999999999997
399.9
399.9
186.10000000000002
-138.6
-10001.182
-10002.1842
-1002.693
419.59999999999997
404.7
-10000.184000000001
-10494.3
-10000.197400000001
-10001.182
-214.2
354.0
-212.60000000000002
419.59999999999997
439.9
399.9
399.9
186.10000000000002
-214.8
-10001.182
413.9
-1003.6510000000001
1000.435
-216.2
-216.2
187.7
-268.9
419.59999999999997
381.4
419.59999999999997
408.2
519.5
-212.60000000000002
-328.20000000000005
-212.60000000000002
-1002.015
1001.554
-10001.182
-212.60000000000002
399.9
186.10000000000002
722.5
-1001.371
446.29999999999995
399.9
-192.5
1002.7719999999999
-197.9
278.0
96.5
93.4
374.59999999999997
-10001.2223
375.79999999999995
186.10000000000002
504.9
399.9
-10002.2348
-10001.1838
-265.20000000000005
9999.0542
-212.60000000000002
186.10000000000002
399.9
399.9
-10002.1838
374.59999999999997
413.9
423.5
399.9
399.9
1001.6289999999999
-229.60000000000002
445.0
-263.70000000000005
392.29999999999995
9999.0542
1000.555
419.59999999999997
375.5
187.0
-1002.001
374.59999999999997
401.7
399.9
491.29999999999995
1001.554
-214.60000000000002
399.9
374.59999999999997
469.29999999999995
1001.554
-10014.3212
419.79999999999995
-214.8
399.9
-10002.1839
466.0
420.79999999999995
131.9
-1002.621
1001.554
-264.9
1001.559
536.3
-1001.37
376.4
1002.2149999999999
-10001.182
-10001.182
424.29999999999995
-9518.2
491.29999999999995
399.9
488.99999999999994
-10001.2383
384.59999999999997
1001.554
999.704
374.59999999999997
413.0
399.9
186.10000000000002
-10001.1847
399.9
425.7
430.09999999999997
-212.60000000000002
-136.5
186.10000000000002
374.7
-213.7
186.10000000000002
-10002.1825
1017.1519999999999
385.09999999999997
-10002.1837
399.9
305.5
-10001.182
420.9
999.4209999999999
192.9
419.59999999999997
-266.4
422.09999999999997
-10004.1838
419.59999999999997
-222.10000000000002
-10002.1826
399.9
399.9
458.9
399.9
419.59999999999997
-136.7
186.10000000000002
185.60000000000002
186.10000000000002
186.10000000000002
419.59999999999997
429.2
399.29999999999995
413.9
376.4
729.5999999999999
418.79999999999995
374.59999999999997
-217.3
409.09999999999997
-10001.182
374.59999999999997
684.5999999999999
-1003.14
-364.9
1016.8499999999999
374.59999999999997
1001.554
-212.60000000000002
-149.2
999.6783999999989
406.7
451.6
404.4
1001.568
-10013.306400000001
-10002.1888
-216.0
-10001.182
678.8999999999999
409.0
420.7
436.0
419.59999999999997
418.9
-10001.197100000001
-1002.015
376.09999999999997
-212.60000000000002
-10003.1852
-10000.1915
-1000.5980000000001
186.10000000000002
204.60000000000002
492.59999999999997
186.10000000000002
341.0
605.7
278.0
1018.915
-1000.815
-214.3
-212.60000000000002
689.0
374.2
187.60000000000002
186.10000000000002
402.29999999999995
-134.8
399.5
-1003.652
1003.054
1002.5559999999999
-10299.8
400.79999999999995
-10002.1824
-8999.2674
384.59999999999997
-212.60000000000002
-135.3
419.59999999999997
-135.3
-9991.474900000001
374.59999999999997
491.29999999999995
413.9
536.3
-10013.308200000001
-263.5
1016.1189999999999
1016.8469999999999
374.59999999999997
312.9
492.2
377.29999999999995
1018.9749999999999
439.59999999999997
422.29999999999995
467.79999999999995
-213.8
-10444.8
-10000.2322
-10001.2323
399.9
-135.3
458.9
-10002.1201
-10001.2345
-214.10000000000002
376.0
10320.5
501.3999999999999
399.29999999999995
1017.2969999999999
186.10000000000002
-135.3
-10000.1823
419.59999999999997
-10001.182
-10002.1821
399.9
520.5
-10299.3
399.9
419.59999999999997
419.59999999999997
189.7
399.9
188.7
419.59999999999997
186.10000000000002
185.4
419.59999999999997
721.5999999999999
420.29999999999995
528.3
186.10000000000002
399.9
438.09999999999997
399.9
399.9
419.59999999999997
419.59999999999997
432.0
-10001.182
418.4
605.7
419.59999999999997
399.29999999999995
1006.131
1006.131
1006.131
399.9
319.29999999999995
-10000.1789
728.1999999999999
399.9
722.5
10011.4074
402.59999999999997
186.10000000000002
-10001.182
419.59999999999997
186.10000000000002
204.3
488.99999999999994
399.7
420.79999999999995
-10002.1832
458.9
185.2
520.5
-10000.297700000001
9998.1232
186.10000000000002
-10194.8
-212.60000000000002
375.79999999999995
496.0
399.9
488.99999999999994
1000.588
402.7
-10001.182
-1001.636
-219.0
420.79999999999995
-212.60000000000002
186.10000000000002
-219.2
-261.8
399.9
-1001.517
419.59999999999997
419.59999999999997
399.9
399.9
136.4
446.29999999999995
186.10000000000002
-10001.182
-10001.182
399.9
186.10000000000002
492.09999999999997
133.5
186.10000000000002
192.4
377.7
463.5
419.59999999999997
419.59999999999997
337.59999999999997
1000.559
-1004.667
373.09999999999997
-10002.1872
190.3
-220.60000000000002
-10002.1872
-218.8
411.79999999999995
383.9
-164.3
-10311.0
-10001.182
-218.2
435.79999999999995
401.59999999999997
-212.60000000000002
728.5999999999999
-1004.155
401.29999999999995
466.09999999999997
1002.197
421.0
1002.1959999999999
-326.5
1018.9929999999999
-326.5
419.59999999999997
399.9
-10002.1854
186.10000000000002
99.3
394.79999999999995
1014.9619999999999
394.79999999999995
186.10000000000002
399.9
722.5
186.10000000000002
399.5
10450.6
204.3
186.10000000000002
186.10000000000002
447.5
1016.9549999999999
500.9
-471.0
-316.3
401.29999999999995
399.9
-10000.2729
-10001.182
422.79999999999995
-153.20000000000002
399.9
488.99999999999994
419.59999999999997
-10000.2322
211.20000000000002
193.0
-9997.1922
401.69999999999993
193.0
381.5
-10000.2311
-212.60000000000002
1002.193
186.10000000000002
399.9
-10001.182
376.9
-330.6
-213.9
374.59999999999997
574.4
399.9
419.59999999999997
-211.7
423.5
-216.0
423.5
331.59999999999997
-157.8
186.10000000000002
399.9
-135.3
388.79999999999995
-10000.182200000001
186.10000000000002
419.59999999999997
413.4
418.79999999999995
10515.8
-214.2
461.09999999999997
186.10000000000002
461.4
-286.0
186.10000000000002
488.99999999999994
-10000.1841
399.9
419.59999999999997
399.9
-10001.182
419.59999999999997
-212.60000000000002
-10001.182
491.29999999999995
426.7
426.7
739.5999999999999
-10001.182
-212.60000000000002
186.10000000000002
-1002.635
121.9
186.10000000000002
399.9
-213.8
186.10000000000002
186.10000000000002
188.60000000000002
374.59999999999997
419.59999999999997
186.10000000000002
419.59999999999997
488.99999999999994
378.79999999999995
393.4
-212.60000000000002
426.7
426.7
186.10000000000002
186.10000000000002
399.9
410.4
186.10000000000002
186.10000000000002
186.10000000000002
488.99999999999994
-212.60000000000002
399.9
496.9
1017.2969999999999
528.3
528.3
186.10000000000002
196.4
-10002.1841
-9898.5
-9999.201500000001
186.10000000000002
379.7
385.09999999999997
-10001.182
488.59999999999997
-10000.184500000001
186.10000000000002
468.79999999999995
374.59999999999997
419.59999999999997
399.9
2035.9
498.2
342.2
458.9
461.2
477.4
458.9
360.79999999999995
361.59999999999997
-10001.1598
413.9
458.9
413.9
722.5
414.7
417.7
415.5
1521.5
415.2
415.4
413.9
342.2
458.9
528.3
-221.8
413.9
413.9
426.5
458.9
438.9
458.9
413.9
-10000.2203
528.3
438.09999999999997
375.7
437.79999999999995
419.59999999999997
1003.7729999999999
-247.3
419.59999999999997
-10000.1789
374.59999999999997
722.5
-8999.2631
419.59999999999997
419.59999999999997
419.59999999999997
-212.0
391.4
-1002.635
10003.1252
399.9
399.9
1017.8639999999999
187.60000000000002
505.4
-1002.926
399.9
-314.7
419.59999999999997
1004.039
186.10000000000002
-212.60000000000002
-10002.1823
419.59999999999997
488.99999999999994
419.59999999999997
419.59999999999997
419.59999999999997
186.10000000000002
-10001.182
186.10000000000002
677.5
189.10000000000002
722.5
399.9
399.9
419.59999999999997
-211.9
187.8
399.9
449.4
1002.5699999999999
416.0
1547.2
421.4
397.5
-10001.1952
734.8999999999999
432.0
432.0
432.0
432.0
-999.681
-999.772
737.3999999999999
198.5
432.0
399.9
419.59999999999997
399.9
536.3
186.10000000000002
722.5
399.9
-10001.182
1000.573
375.5
399.9
420.79999999999995
1001.568
1003.3009999999999
-213.10000000000002
399.9
220.0
-213.8
186.10000000000002
-230.2
399.9
726.3
689.8999999999999
386.99999999999994
387.0
1006.3449999999999
433.4
186.10000000000002
436.7
1001.554
1029.04
461.09999999999997
421.5
307.09999999999997
404.09999999999997
406.0
1005.03
432.0
421.5
319.29999999999995
1583.2
1006.184
1000.116
722.5
417.59999999999997
-212.60000000000002
-1001.62
-10004.1874
722.5
436.0
-212.60000000000002
415.09999999999997
399.9
186.10000000000002
399.9
791.9
591.2
499.79999999999995
1615.3000000000002
536.3
595.7
819.4999999999999
564.3
491.29999999999995
536.3
423.5
536.3
1750.3000000000002
1624.2
653.0
622.1
543.4
536.3
536.3
536.3
539.4
536.3
536.3
503.79999999999995
452.9
894.1
403.0
1002.959
-213.7
399.9
399.9
-10296.099999999999
738.8999999999999
761.8
394.2
-1003.779
-1003.774
-1003.779
-1003.779
-1001.797
-1003.154
-1003.779
-1001.7570000000001
-1003.779
-1004.013
-1003.154
-1216.0
-1003.936
-1004.789
-1002.843
-10002.199
481.7
429.59999999999997
375.79999999999995
900.8
-216.10000000000002
186.10000000000002
-215.5
422.7
722.5
458.9
10010.384600000001
380.4
407.5
481.59999999999997
399.9
-10001.182
-10001.182
-1003.663
-214.5
419.59999999999997
399.9
-10000.1824
374.59999999999997
399.9
399.9
423.79999999999995
419.59999999999997
419.59999999999997
-296.5
-213.8
115.5
419.59999999999997
399.9
399.2
488.4
399.9
186.10000000000002
-10000.1789
385.09999999999997
689.8999999999999
-10012.2894
399.9
420.59999999999997
1001.708
1527.2
724.8999999999999
374.59999999999997
374.59999999999997
399.9
722.5
1024.5
-10296.9
1537.7
399.9
605.7
407.9
-10003.1893
186.10000000000002
399.2
-1001.664
-135.3
-137.5
399.9
-214.8
423.79999999999995
399.9
-10001.182
-10001.188900000001
402.79999999999995
188.10000000000002
399.9
186.10000000000002
399.9
399.9
399.9
-216.9
-212.60000000000002
9999.018900000001
374.59999999999997
374.59999999999997
-135.3
419.59999999999997
-10001.1794
186.10000000000002
186.10000000000002
488.99999999999994
687.5
186.10000000000002
374.59999999999997
399.9
376.9
193.8
-220.4
-213.7
-214.0
503.49999999999994
374.2
-10010.3946
-10002.1872
1001.554
1019.709
-215.8
399.9
-10001.182
-10003.1852
-136.4
-10002.189
105.60000000000001
336.2
197.1
488.99999999999994
399.79999999999995
376.9
-150.60000000000002
-1002.713
-10001.182
-10001.182
-10001.182
399.9
10000.0542
418.7
-10002.184500000001
-328.0
399.9
419.59999999999997
-212.60000000000002
1003.3689999999999
1014.8219999999999
-139.1
1006.3699999999999
278.0
491.5
401.79999999999995
399.9
302.79999999999995
-10001.1181
-10001.182
-330.6
-215.2
-212.60000000000002
-10001.182
394.59999999999997
419.59999999999997
-10361.8
-212.60000000000002
377.4
374.59999999999997
-10001.182
518.0
-1003.659
-1002.64
394.79999999999995
729.9
190.3
-214.3
-10001.182
-213.10000000000002
452.9
-212.60000000000002
-10002.1866
-10001.182
186.10000000000002
419.59999999999997
-212.60000000000002
-10000.297700000001
-212.60000000000002
186.10000000000002
419.59999999999997
187.60000000000002
186.10000000000002
-10001.088
186.10000000000002
186.10000000000002
110.4
192.4
-1002.001
-10001.182
-217.10000000000002
-213.8
-1002.643
186.10000000000002
419.59999999999997
400.0
-150.60000000000002
403.4
419.59999999999997
1490.5
-10000.1964
1531.4
337.59999999999997
419.59999999999997
429.59999999999997
1015.1399999999999
-212.60000000000002
-1278.9
1002.582
419.59999999999997
374.59999999999997
998.68
-229.70000000000002
-10001.182
-10002.084200000001
-215.2
-211.8
-1004.511
516.3
-10000.2322
-10000.1964
-10003.1895
-215.9
1002.2109999999999
-261.8
1016.6399999999999
-10000.2322
-261.8
419.59999999999997
1643.9
-10001.198
-212.7
-10001.182
-10003.183
-10001.182
337.59999999999997
421.09999999999997
-250.8
-10001.182
-187.10000000000002
-10001.2333
1018.2299999999999
1440.4
-261.8
-163.5
-276.9
-10000.2322
999.606
1002.2109999999999
1017.127
-268.0
2004.404
-262.9
-333.20000000000005
-10003.2836
530.5999999999999
-10298.0
399.9
-1004.128
399.9
1018.411
419.59999999999997
186.10000000000002
-10002.279700000001
419.59999999999997
1000.4259999999999
-782.0
-218.7
438.9
399.9
516.5999999999999
399.9
399.9
204.60000000000002
454.5
186.10000000000002
185.4
419.59999999999997
722.5
399.59999999999997
186.10000000000002
-212.60000000000002
186.10000000000002
396.09999999999997
399.9
354.09999999999997
425.4
-1002.635
-999.677
399.9
-269.6
-223.3
419.59999999999997
185.2
-212.60000000000002
405.09999999999997
-1004.414
410.2
10539.7
336.2
-327.70000000000005
-211.8
-311.8
503.7
428.4
425.7
304.79999999999995
736.5999999999999
-1001.687
-1184.2
-212.60000000000002
-1003.154
-1004.849
-1002.149
-1004.157
-1002.918
-1004.7860000000001
-1005.972
-546.7
-1001.299
-1003.2760000000001
-1003.774
-1003.779
-1003.827
-1002.793
-1003.154
-1002.928
-1003.779
-1001.797
-1003.779
-1003.14
-1003.001
-1004.166
-1005.811
-1004.792
-1003.154
-1003.001
-1004.019
-1004.415
-1003.001
-1004.777
-1003.774
-1003.14
-1004.201
-1004.815
-1408.5
-1003.14
-1003.14
-1003.14
-1003.14
-1003.14
-1002.782
-1003.779
-1003.14
-1001.797
-1003.14
-1195.7
-1003.14
-1003.14
-1002.642
-1003.14
-1004.284
-1003.251
387.0
374.2
401.09999999999997
399.9
567.0
-1003.641
-212.60000000000002
419.59999999999997
-10001.182
1017.704
400.79999999999995
-999.6370000000001
479.29999999999995
-1000.815
-1003.664
-998.8100000000001
-1002.635
-1002.635
491.29999999999995
-226.0
528.3
-212.60000000000002
505.4
423.0
-137.9
422.59999999999997
399.9
399.9
399.9
399.9
399.9
-10000.2322
-10002.1888
-10002.1821
399.9
-10001.182
-10000.217700000001
-214.3
-1002.145
1844.6
-212.2
386.99999999999994
186.10000000000002
-1003.663
-214.10000000000002
-10002.182200000001
-10001.182
-218.8
-1005.639
-10001.182
622.1
436.0
443.09999999999997
-1002.642
1005.429
999.755
-10001.1874
1014.9569999999999
-10000.2203
-10001.182
-10001.182
399.9
-10001.182
185.4
-10001.182
222.10000000000002
186.10000000000002
1004.026
-252.8
10001.1342
-10296.9
-212.60000000000002
-1002.664
-10001.182
-212.60000000000002
-10001.182
419.59999999999997
186.10000000000002
-10001.1825
327.79999999999995
-10001.182
-10001.182
-10003.1842
1002.2109999999999
-10002.1888
-212.60000000000002
376.9
419.59999999999997
374.59999999999997
186.10000000000002
-10001.182
115.2
-212.60000000000002
-10002.2325
186.10000000000002
419.59999999999997
995.2
374.59999999999997
399.9
306.5
-212.60000000000002
488.99999999999994
186.10000000000002
429.9
-10000.1834
1001.217
1017.9369999999999
-261.8
1017.2969999999999
1000.433
-10000.2322
399.09999999999997
677.5
403.5
1017.3079999999999
1017.1519999999999
1125.8000000000002
1002.0659999999999
1017.1519999999999
1004.026
1005.14
-999.2620000000001
1005.313
743.8
-1001.029
1016.9549999999999
1002.2099999999999
1004.223
1005.252
1004.223
1032.914
1004.223
538.8
1021.3009999999999
1017.1519999999999
1017.1519999999999
1002.0659999999999
1016.9549999999999
1901.8000000000002
1017.1519999999999
1017.1519999999999
-247.3
1016.9549999999999
1000.2719999999999
-170.0
1014.8169999999999
1017.1519999999999
1001.409
1017.1519999999999
1545.4
-1000.994
1017.1519999999999
2003.62
1383.3000000000002
1005.2439999999999
1003.568
1001.4369999999999
1002.0659999999999
-1005.158
20.3
-1002.092
374.59999999999997
-212.60000000000002
-218.8
-220.60000000000002
-220.60000000000002
-10002.189
-10000.1908
1002.28
-10003.2412
-10002.189
-10002.189
-10002.189
-220.60000000000002
422.5
-10304.9
192.10000000000002
-10002.189
-220.60000000000002
-10002.189
-220.60000000000002
-10002.189
-220.60000000000002
-10002.189
421.0
-10001.182
-10000.182700000001
-10001.182
-212.60000000000002
-10001.182
-212.60000000000002
474.5
-10001.182
-9999.221800000001
-10001.182
419.59999999999997
-10002.1836
-10000.1824
-221.10000000000002
-212.60000000000002
-10002.1861
-140.7
1017.2969999999999
-1002.142
-1000.618
1018.4469999999999
-1002.001
-1000.787
-1002.881
-1002.142
-993.5840000000001
384.09999999999997
-10000.1964
186.10000000000002
-1004.087
458.9
340.09999999999997
-10002.1826
419.59999999999997
303.9
-10000.086000000001
-261.8
186.10000000000002
-10001.182
-213.10000000000002
-10001.182
-1003.779
186.10000000000002
488.59999999999997
182.10000000000002
1017.1519999999999
-10002.182700000001
-10002.189
1714.4000000000003
1017.2969999999999
-10000.1964
-10014.3909
186.10000000000002
-219.7
-1002.015
-10001.182
422.09999999999997
-212.60000000000002
1014.5459999999999
186.10000000000002
-10002.1832
419.59999999999997
308.9
-10001.182
399.9
410.4
-212.60000000000002
399.9
399.9
516.3
399.9
-219.7
-212.60000000000002
-10001.182
-10001.182
-10001.182
-10001.182
-10296.9
-999.836
-213.9
-214.2
405.79999999999995
-1001.83
-1003.645
404.79999999999995
419.59999999999997
407.9
376.0
-10296.9
115.6
-10001.182
186.10000000000002
-10001.182
399.9
-10001.182
488.99999999999994
-10002.1836
1000.578
-1.7960000000002765
-211.8
405.29999999999995
374.59999999999997
-212.60000000000002
1001.554
413.9
-135.3
132.10000000000002
-1002.1370000000001
374.59999999999997
399.9
420.9
1001.554
-10000.239300000001
374.59999999999997
2004.422
399.9
-1002.015
-212.60000000000002
468.79999999999995
495.5
-1003.708
-10001.2032
-10001.182
-10001.182
-10296.9
-212.60000000000002
-10001.182
-225.8
186.10000000000002
399.9
374.59999999999997
-215.8
-10001.182
-10298.5
-212.60000000000002
692.8999999999999
1004.223
421.0
-135.3
399.9
-10002.182200000001
-10000.2729
-150.60000000000002
-156.7
-10001.182
283.3
399.9
-10001.182
-220.60000000000002
-1002.015
1004.3679999999999
1724.1000000000001
-10001.182
1016.1639999999999
-10000.1964
-226.0
-230.0
-10002.1844
-1002.64
-10001.182
399.9
-215.9
-10003.1866
-1002.001
-261.8
-10001.182
-10000.1846
-1004.847
-10001.182
-212.60000000000002
-136.4
-135.3
-212.60000000000002
-10000.1915
-212.60000000000002
-230.60000000000002
421.09999999999997
-1002.64
1001.568
-10001.1546
-212.60000000000002
1003.876
10001.0199
9998.0557
-0.7971999999990658
586.0
383.79999999999995
355.0
369.5
438.4
1016.7019999999999
419.59999999999997
-10001.182
488.99999999999994
399.9
-214.8
399.9
399.9
-1000.317
-1001.679
189.0
376.9
-10001.182
-1002.015
458.9
99.9
704.2
374.59999999999997
-10001.182
1025.4
399.7
-1002.635
374.59999999999997
374.59999999999997
399.9
-214.2
621.8
-10003.188900000001
186.10000000000002
-10000.2322
402.09999999999997
317.5
1019.06
-213.9
419.59999999999997
186.10000000000002
-9990.4516
408.4
458.0
186.10000000000002
10011.4271
186.10000000000002
430.79999999999995
405.7
399.9
110.4
374.59999999999997
473.2
-10000.297700000001
1018.1739999999999
-10001.182
413.9
516.5999999999999
440.29999999999995
-187.10000000000002
399.9
-1000.775
437.7
394.5
437.7
-10001.1986
399.9
516.3
-10000.2126
421.0
-212.60000000000002
-218.2
-1001.366
436.5
-10001.182
186.10000000000002
-10011.2882
-9999.2358
-215.2
406.0
-10001.182
-10001.182
374.59999999999997
491.29999999999995
924.0
496.59999999999997
-326.5
1021.3079999999999
-1298.9
-10001.182
-10002.220000000001
616.2
378.5
441.29999999999995
728.5
419.59999999999997
1019.3269999999999
601.4
-10003.2805
421.79999999999995
-215.3
394.79999999999995
-9000.206900000001
421.5
1004.8969999999999
373.7
-216.4
-10000.297700000001
401.5
399.9
399.9
399.9
399.9
421.2
399.9
186.10000000000002
378.5
1257.0
-136.7
419.59999999999997
-212.4
419.59999999999997
-150.60000000000002
-215.2
-10002.1855
380.4
399.9
400.59999999999997
488.99999999999994
-212.60000000000002
-9989.587500000001
-10001.182
398.7
413.2
-10001.182
-212.60000000000002
9999.1162
1846.0
1013.6379999999999
-1003.016
-10002.183
-10000.297700000001
337.59999999999997
-10001.182
-10001.182
374.59999999999997
-10001.182
2005.2999999999997
1017.1519999999999
1000.6149999999999
-10001.182
-10003.186300000001
-9998.0893
-212.60000000000002
399.9
422.0
-216.8
399.09999999999997
10000.0403
399.9
-1002.1370000000001
-10002.1854
374.59999999999997
374.59999999999997
376.09999999999997
-135.3
135.7
374.59999999999997
-1003.663
-214.60000000000002
374.59999999999997
-214.3
380.9
439.2
376.0
394.2
-10001.182
438.09999999999997
1001.2719999999999
-1002.96
-314.3
-212.60000000000002
186.10000000000002
399.9
437.79999999999995
423.0
-215.10000000000002
-212.60000000000002
226.1
1002.5569999999999
186.10000000000002
186.10000000000002
-215.2
386.29999999999995
413.9
1018.3
400.09999999999997
1831.5
1014.0029999999999
-10001.182
374.59999999999997
1003.7729999999999
-212.60000000000002
-212.60000000000002
-212.60000000000002
478.5
374.59999999999997
-261.8
-213.9
-150.9
423.5
-212.7
186.10000000000002
-10002.182200000001
376.0
-10001.182
186.10000000000002
186.10000000000002
186.10000000000002
186.10000000000002
186.10000000000002
1015.5999999999999
187.2
399.0
-1001.817
1016.6529999999999
831.2
406.9
-212.60000000000002
374.59999999999997
186.10000000000002
-10001.182
-9998.086800000001
186.10000000000002
399.0
186.10000000000002
-10000.1789
419.59999999999997
1016.021
1000.579
186.10000000000002
424.9
-10012.3063
1016.3649999999999
649.9
-135.3
-10003.1895
186.10000000000002
722.5
419.59999999999997
196.0
-226.5
-352.20000000000005
-135.3
-116.30000000000001
-263.1
419.59999999999997
1001.568
-1001.1560000000001
1002.2109999999999
1002.2109999999999
-135.3
1006.135
-213.9
-9424.000000000002
996.5279999999999
1014.9619999999999
450.7
391.0
-212.60000000000002
-1002.635
-212.60000000000002
-1000.16
399.9
947.9
-135.3
1001.2139999999999
345.5
-138.2
-1002.64
-135.3
-135.3
725.5
413.9
-223.0
-212.60000000000002
-135.3
-211.9
1001.068
-9999.1803
536.3
-221.10000000000002
438.5
426.29999999999995
379.2
399.9
-512.3
-212.60000000000002
-220.4
-10002.1888
-212.60000000000002
188.10000000000002
432.0
402.0
420.79999999999995
-135.3
399.9
-998.0500000000001
374.59999999999997
186.10000000000002
419.59999999999997
-216.0
-278.0
-136.8
387.0
-217.0
530.5999999999999
-212.60000000000002
399.9
-212.60000000000002
411.0
189.2
377.7
302.09999999999997
399.9
-10000.2203
435.0
624.2
189.10000000000002
-1002.635
512.3
373.7
-1002.64
-10002.1855
-10001.182
-10001.182
1002.2109999999999
377.4
-249.20000000000002
-10000.2322
-311.3
-249.3
-1001.343
399.9
376.59999999999997
-20014.4654
419.59999999999997
402.4
-10002.1821
497.29999999999995
415.09999999999997
422.7
186.10000000000002
374.79999999999995
-215.2
-214.8
-135.3
-135.3
374.59999999999997
-216.0
419.59999999999997
466.0
1005.058
420.79999999999995
374.59999999999997
-211.7
-216.0
311.4
-216.0
-213.2
716.8
418.4
399.9
1003.2049999999999
-1000.317
-998.806
536.3
-10000.2203
-212.60000000000002
1577.2
-10001.1825
1001.505
438.9
-10001.182
1001.823
496.9
375.79999999999995
419.59999999999997
-10002.1836
403.0
374.59999999999997
186.10000000000002
-10001.182
593.9
374.59999999999997
-1003.01
458.9
-212.5
-10000.1789
-10000.1789
488.99999999999994
401.4
37.599999999999994
490.19999999999993
-999.426
398.29999999999995
381.7
391.0
-10000.182200000001
1002.6179999999999
-214.4
-10002.1825
399.0
2381.2000000000003
-10001.182
419.59999999999997
186.10000000000002
-10001.182
488.99999999999994
-10001.182
-10002.279700000001
-10001.182
-10001.182
186.10000000000002
419.59999999999997
488.99999999999994
399.9
-1003.779
186.10000000000002
-212.60000000000002
421.4
399.9
204.60000000000002
702.8
399.59999999999997
186.10000000000002
419.59999999999997
-212.60000000000002
374.59999999999997
446.29999999999995
399.9
429.29999999999995
-10002.1832
399.9
-998.818
741.3
421.59999999999997
0.20100000000093132
-1001.9540000000001
187.9
-261.5
1000.1279999999999
1015.9569999999999
186.10000000000002
-10001.182
-10334.199999999999
-8988.3718
399.9
186.10000000000002
-10001.182
722.5
186.10000000000002
-999.819
394.79999999999995
-10001.182
540.0
399.9
422.2
-10002.1844
399.9
-10001.182
186.10000000000002
415.29999999999995
376.9
-10002.1823
186.10000000000002
398.7
1510.3000000000002
186.10000000000002
399.9
687.5
439.2
722.5
385.09999999999997
404.09999999999997
374.59999999999997
-10001.182
-10001.197
-10001.182
-1002.64
-229.10000000000002
-10001.182
419.59999999999997
-1002.635
493.59999999999997
-212.60000000000002
187.0
-10000.2322
-215.2
419.59999999999997
494.09999999999997
399.9
99.2
-10001.182
-9999.1221
1001.2199999999999
399.9
551.3
-9988.519600000001
1001.554
-145.2
185.0
399.4
-10002.1823
516.5999999999999
186.10000000000002
-10312.5
492.8999999999999
-214.4
-1002.157
336.2
407.9
-10001.1885
-1000.198
186.10000000000002
-10001.182
186.10000000000002
419.59999999999997
186.10000000000002
399.9
-212.60000000000002
186.10000000000002
-10001.182
410.4
-212.60000000000002
-212.60000000000002
-10001.182
115.2
425.09999999999997
196.60000000000002
488.99999999999994
516.3
-212.60000000000002
-10001.182
-868.5
97.8
-212.60000000000002
-10296.9
-10001.182
-212.60000000000002
-10296.9
134.9
133.60000000000002
-212.60000000000002
443.09999999999997
401.0
399.9
-211.60000000000002
419.59999999999997
399.9
419.59999999999997
399.9
399.9
491.29999999999995
305.5
419.59999999999997
-1001.016
1003.9749999999999
399.0
419.59999999999997
186.10000000000002
488.99999999999994
191.8
135.2
-212.60000000000002
-212.60000000000002
-10001.182
419.59999999999997
402.0
401.0
-10001.182
-10000.1841
-10000.1834
-211.8
386.09999999999997
399.5
186.10000000000002
192.7
399.9
399.9
-511.5
473.0
-10002.1839
-10001.182
391.0
399.9
636.2
430.9
186.10000000000002
496.5
458.9
458.9
419.59999999999997
-2.0850000000000364
374.59999999999997
374.59999999999997
380.4
419.59999999999997
-1000.8720000000001
419.59999999999997
462.0
513.8
1014.9019999999999
-263.0
-261.8
1001.554
1016.8469999999999
1001.415
410.5
10012.3835
374.59999999999997
393.4
374.59999999999997
-212.60000000000002
-211.8
415.29999999999995
399.9
-10003.282000000001
-10012.3858
-10002.1831
421.29999999999995
-220.60000000000002
-10001.182
-10002.189
-10002.280200000001
498.5
191.2
419.59999999999997
-1004.664
399.9
399.9
-212.60000000000002
186.10000000000002
399.9
-1000.618
-9990.472800000001
-1003.14
399.9
-217.10000000000002
399.9
399.9
1001.554
425.4
-10000.1823
-10003.1227
-8995.467
-1.7947999999996682
399.09999999999997
-153.7
1001.409
-1000.365
186.10000000000002
418.09999999999997
-212.60000000000002
-212.60000000000002
-212.60000000000002
-1001.03
422.4
399.9
-216.0
-216.4
410.4
403.5
-10298.0
399.9
429.59999999999997
-10001.2323
322.4
-10001.182
418.5
-999.681
679.3
378.79999999999995
186.10000000000002
1016.3249999999999
1002.722
1001.415
1002.2109999999999
1017.0999999999999
1932.7000000000003
1017.0999999999999
1017.0999999999999
1017.0999999999999
1017.0999999999999
1017.0999999999999
-184.5
1017.0999999999999
-212.60000000000002
-10001.182
419.59999999999997
-215.3
399.5
2661.9
-10002.1866
393.0
-10001.188
-10002.1866
-10002.1866
-10002.1866
-218.2
1005.2249999999999
1005.087
1001.409
-1002.993
1017.1519999999999
1017.1519999999999
1006.285
1002.0659999999999
-192.8
1001.27
1006.4079999999999
1017.1519999999999
1016.9549999999999
1003.7729999999999
1002.579
-999.629
411.2
401.5
440.0
421.5
374.59999999999997
422.29999999999995
188.8
-10000.1837
415.7
305.59999999999997
127.5
-150.60000000000002
477.4
1001.568
419.59999999999997
399.9
187.2
419.59999999999997
309.79999999999995
403.4
374.59999999999997
453.2
419.59999999999997
391.0
-10296.9
-10001.199
420.5
380.0
186.10000000000002
1559.9
496.0
407.0
492.7
189.2
-212.60000000000002
309.3
401.0
423.0
-135.3
-214.4
419.59999999999997
399.9
186.10000000000002
488.99999999999994
186.10000000000002
397.09999999999997
-10000.183500000001
374.59999999999997
435.7
1002.2109999999999
10000.135
409.09999999999997
-10001.1749
-10002.0951
1002.0659999999999
-1002.001
186.10000000000002
186.10000000000002
399.9
374.59999999999997
399.09999999999997
-212.60000000000002
188.2
9998.0588
376.9
-212.60000000000002
-10000.1867
186.10000000000002
-10001.1842
-1002.097
-1001.817
-136.5
-121.9
-222.8
-10002.189
-10002.1844
-10002.1844
-10002.1844
-10002.1844
-10002.1821
-10001.182
-10000.1934
354.0
-212.60000000000002
-212.60000000000002
-212.60000000000002
-10001.182
374.59999999999997
-1278.9
204.60000000000002
110.6
1002.2109999999999
422.29999999999995
-135.3
519.5
422.0
399.9
196.60000000000002
186.10000000000002
419.59999999999997
522.7
374.59999999999997
716.8
-998.416
193.0
187.3
419.59999999999997
732.5
399.9
406.59999999999997
314.7
127.5
1810.4
1004.473
419.59999999999997
394.79999999999995
406.79999999999995
206.3
383.9
1004.0429999999999
-212.60000000000002
186.10000000000002
-1002.635
10014.4234
-1001.621
399.59999999999997
399.9
204.3
186.10000000000002
186.10000000000002
399.9
421.09999999999997
402.2
399.9
436.29999999999995
436.0
319.29999999999995
605.7
186.10000000000002
456.29999999999995
186.10000000000002
204.3
399.9
-217.5
-212.60000000000002
-10000.182200000001
419.59999999999997
-212.60000000000002
495.5
702.8
399.9
153.0
399.9
402.29999999999995
-214.4
-212.60000000000002
-10001.182
-220.60000000000002
-212.0
419.59999999999997
464.7
422.0
1001.554
-10001.182
-212.60000000000002
1016.9979999999999
402.4
421.49999999999994
374.59999999999997
440.2
-1003.663
186.10000000000002
186.10000000000002
1017.9569999999999
-10002.1854
1016.1769999999999
1014.6929999999999
1015.021
-0.7994999999991705
432.0
-10001.182
422.4
-10001.182
-212.60000000000002
187.2
-10001.182
385.59999999999997
-10001.182
1001.082
399.9
518.2
-8995.612000000001
186.10000000000002
397.09999999999997
-327.6
-10001.182
-9997.1401
-10002.2391
419.59999999999997
-211.8
-262.9
434.9
-10000.1789
419.59999999999997
336.2
-1002.015
399.9
407.9
-162.10000000000002
-135.3
-226.0
399.9
186.10000000000002
400.09999999999997
186.10000000000002
186.10000000000002
134.9
-230.8
-10001.182
-10002.184500000001
1002.0659999999999
1001.0669999999999
399.9
376.29999999999995
-213.7
-10001.182
-212.60000000000002
419.59999999999997
-1002.635
-212.60000000000002
-999.753
419.59999999999997
186.10000000000002
-9999.2199
-261.8
-999.876
-150.5
419.59999999999997
399.4
-219.7
186.10000000000002
399.9
-1005.6850000000001
-10002.1861
-214.2
186.10000000000002
10011.4074
-212.60000000000002
-10002.184000000001
-135.3
-1003.774
-261.8
399.9
186.10000000000002
419.59999999999997
-212.60000000000002
-212.60000000000002
-217.5
-214.8
-1002.001
-10002.1828
-10001.182
-231.60000000000002
-10001.182
-10001.182
-10001.182
-10001.182
-10298.099999999999
399.9
-10002.1872
-10000.1824
-10000.191
-10296.9
-212.60000000000002
-1002.001
-1002.015
-999.678
-1002.015
-1001.619
-1000.015
-1002.64
-1002.015
-1002.001
-1003.016
-1003.053
-1278.0
-1003.0210000000001
-1002.001
-999.6270000000001
-1003.016
-1003.006
-1001.819
-1002.64
-990.826
-1002.193
-1000.567
-1000.618
-1003.0120000000001
1000.43
1017.1519999999999
382.79999999999995
416.7
394.59999999999997
374.59999999999997
186.10000000000002
446.29999999999995
446.29999999999995
419.59999999999997
723.5999999999999
186.10000000000002
374.59999999999997
1520.0
-10002.1834
-221.2
1000.578
-1002.635
336.2
-10001.182
419.59999999999997
1322.9
-212.60000000000002
646.0
10001.1353
-999.374
-1002.015
-1002.635
-1001.821
-1002.001
-1001.623
-1002.015
-1001.619
-1002.635
-1000.618
-1000.618
-1000.567
-1002.64
-1000.618
-993.087
-1000.365
-1000.365
-1002.001
-1000.618
-1003.797
-1002.635
-1002.635
-1000.618
-1002.635
-1002.64
-999.619
-1002.64
-1004.617
-1002.015
-1002.64
-1001.9970000000001
-1278.9
-1000.815
-1000.041
-1002.64
-1002.001
-1002.64
-1005.8580000000001
-504.1000000000001
-1004.391
-10296.9
-10298.099999999999
522.5999999999999
-326.5
-10001.182
-10001.182
-262.9
419.59999999999997
-10000.2203
-212.60000000000002
419.59999999999997
-10001.182
-184.5
361.59999999999997
-10001.182
419.59999999999997
185.2
737.0999999999999
610.3
516.9
-10000.2502
354.0
-10000.1836
-9999.1919
186.10000000000002
-10001.182
-9999.1848
220.8
-213.7
1017.2969999999999
-1002.711
-1001.381
407.2
677.5
128.9
-10001.182
-10002.1828
446.0
1018.045
342.2
-136.8
1018.2979999999999
-1002.797
419.59999999999997
399.9
399.9
399.9
419.59999999999997
186.10000000000002
419.59999999999997
399.9
-10002.1201
399.9
400.5
419.59999999999997
419.59999999999997
-1003.039
-1001.368
399.09999999999997
399.9
1017.0999999999999
-10001.182
189.10000000000002
518.2
374.59999999999997
-1003.638
-224.2
438.9
-1004.681
426.5
187.9
-10000.1789
399.9
399.9
186.10000000000002
186.10000000000002
399.9
419.59999999999997
410.4
410.4
437.79999999999995
-1000.815
-10001.182
186.10000000000002
-212.60000000000002
-10001.182
401.29999999999995
-10001.180900000001
186.10000000000002
10223.1
9999.0542
10011.4074
10001.1094
10012.4078
10012.4169
10011.4271
9999.0673
10012.4169
9989.368
10002.115
10011.4074
10010.1962
10002.110200000001
9999.0542
10002.0953
9999.1167
10001.1145
9999.1665
10011.4104
10011.4074
10012.4125
10011.193599999999
10001.0329
10011.4271
10010.3114
399.09999999999997
-214.8
-212.60000000000002
9999.0542
399.9
399.9
-1004.005
401.4
399.9
-212.60000000000002
401.0
-10001.197
-212.60000000000002
186.10000000000002
399.9
419.59999999999997
-10001.182
677.5
1016.9549999999999
-10005.2032
399.9
-10002.1826
-10001.182
419.79999999999995
-10002.189
9999.0542
10002.0231
10001.0542
10003.17
10011.4271
10013.1968
-417.1999999999989
10009.4081
-1.794899999998961
-0.7994999999991705
-1.7987999999986641
9998.054900000001
9999.0551
10011.193599999999
10001.0205
10012.205
399.0
1001.121
-212.60000000000002
196.10000000000002
186.10000000000002
-10000.1789
410.4
399.9
419.59999999999997
322.29999999999995
186.10000000000002
419.59999999999997
399.59999999999997
185.3
378.2
399.9
187.9
93.5
374.59999999999997
399.9
419.59999999999997
-212.60000000000002
399.9
-212.60000000000002
-10002.1824
419.59999999999997
399.9
419.59999999999997
190.3
1026.997
-212.60000000000002
321.4
-10000.1789
399.9
186.10000000000002
-10001.182
419.59999999999997
490.59999999999997
436.0
422.2
309.09999999999997
-1002.635
419.59999999999997
-10001.182
-1005.009
-1000.365
1001.554
488.99999999999994
-215.4
504.99999999999994
-10001.182
-212.60000000000002
-212.60000000000002
204.60000000000002
399.9
-217.10000000000002
399.9
399.9
-10002.1825
492.5
-10002.182200000001
-10001.182
375.9
-999.234
209.7
-261.8
375.5
-212.60000000000002
186.10000000000002
-10000.1789
186.10000000000002
204.3
-212.60000000000002
-10297.3
399.9
186.10000000000002
186.10000000000002
189.3
721.5999999999999
375.5
-10001.182
197.2
-10000.217700000001
186.10000000000002
1502.3000000000002
399.5
-10001.182
399.9
186.10000000000002
186.10000000000002
373.59999999999997
-326.5
528.3
499.99999999999994
419.59999999999997
186.10000000000002
1029.846
399.9
374.59999999999997
401.5
1002.2109999999999
-1004.506
-213.7
-149.2
-1002.546
-9801.5
200.5
118.0
1326.4
-10002.182700000001
1001.27
10496.4
186.10000000000002
399.9
186.10000000000002
-10003.120200000001
-10001.182
419.59999999999997
399.9
399.9
374.59999999999997
186.10000000000002
186.10000000000002
401.0
-215.5
-1005.6370000000001
399.9
419.59999999999997
1001.554
1001.121
-10001.19
-9999.1221
338.7
-213.7
-1002.001
-370.70000000000005
446.29999999999995
518.0
446.29999999999995
-10001.182
458.9
-212.0
-226.0
-212.60000000000002
-212.60000000000002
399.9
473.2
-9990.473800000002
419.59999999999997
-10001.182
1016.3999999999999
421.0
399.9
404.5
346.79999999999995
-10001.1862
190.7
-9999.1951
439.2
193.10000000000002
-218.0
1016.752
376.79999999999995
186.10000000000002
505.4
186.10000000000002
186.10000000000002
186.10000000000002
186.10000000000002
409.0
186.10000000000002
-9999.1995
1002.2109999999999
528.3
-10001.182
410.4
375.7
-135.3
-135.3
-249.20000000000002
-135.3
-135.3
319.29999999999995
413.0
374.59999999999997
399.9
424.2
199.10000000000002
615.7
381.5
193.0
729.3999999999999
495.9
193.0
193.0
426.5
193.0
193.0
426.5
1002.4159999999999
384.59999999999997
-212.60000000000002
328.09999999999997
-10001.182
596.5
398.9
2007.9779999999998
2003.498
516.4
692.3
402.5
391.4
435.0
400.09999999999997
-212.60000000000002
-1002.142
-10003.185
-10002.1821
-1003.639
186.10000000000002
524.7
1018.1539999999999
-217.0
374.59999999999997
399.9
399.0
419.59999999999997
399.9
419.59999999999997
516.5999999999999
-1001.708
-226.0
-10001.1967
399.9
399.9
186.10000000000002
-10002.1825
-10002.1825
-264.5
186.10000000000002
186.10000000000002
9999.0528
373.79999999999995
399.9
419.59999999999997
342.2
1001.068
1002.188
170.10000000000002
1002.193
-1003.638
110.4
339.29999999999995
1001.554
153.0
-1003.14
-1004.664
-1002.64
9999.0542
10003.1167
-1002.001
-1003.154
-782.0
1000.572
313.4
110.4
1000.1279999999999
-192.8
1001.554
1002.559
-219.7
1005.2249999999999
1002.0429999999999
-1001.517
666.8
394.79999999999995
458.9
-1002.635
394.79999999999995
315.29999999999995
-1002.635
452.9
1002.188
-1003.779
-1004.849
1003.7729999999999
413.9
394.79999999999995
374.59999999999997
-1003.001
419.59999999999997
716.8
1006.0459999999999
136.7
1006.121
458.9
9999.1162
-9999.1995
115.5
436.0
1002.56
486.5
1004.1199999999999
439.2
342.2
337.59999999999997
431.7
392.29999999999995
-916.6
-1001.041
375.5
375.5
-213.10000000000002
1004.223
497.29999999999995
-213.3
738.8999999999999
394.4
1002.188
413.9
1002.193
-135.1
-999.681
1004.935
-1002.635
-1002.64
401.2
396.09999999999997
342.2
1002.0659999999999
560.0999999999999
458.9
1002.188
135.2
1017.911
302.8
394.59999999999997
533.5999999999999
110.4
1003.2479999999999
423.99999999999994
-150.6
-999.876
1004.223
-311.3
463.5
375.79999999999995
165.9
424.29999999999995
355.7
704.8
439.4
376.9
1002.193
527.9
319.29999999999995
1001.204
-1001.819
1508.5
413.9
354.0
-1003.189
399.9
1005.2439999999999
-443.6000000000001
1003.9749999999999
443.9
-1002.635
99.9
99.9
413.9
439.4
1000.43
1003.9749999999999
-1003.14
10450.6
9999.1167
516.4
-1003.639
-1004.792
-1002.015
413.9
338.7
110.4
401.69999999999993
1001.2539999999999
230.7
-367.6
-1001.992
375.2
434.2
-1002.642
1000.5959999999999
-1005.972
438.9
1015.1399999999999
-999.663
511.5
1004.026
133.60000000000002
110.4
1001.554
536.3
429.59999999999997
419.59999999999997
458.9
-1004.415
-1003.003
716.8
10002.115
1002.637
419.59999999999997
-10001.1224
-1003.659
376.9
310.0
-311.8
1003.53
1004.223
-1003.025
1003.2249999999999
-223.0
413.9
-999.54
1003.632
-1001.517
1005.9889999999999
-1003.154
-1002.015
1001.568
396.19999999999993
591.2
2006.9289999999999
491.29999999999995
1003.7729999999999
-998.081
425.7
-1002.64
-425.70000000000005
1002.193
450.7
394.79999999999995
1001.554
-1000.815
411.2
1242.5
1001.568
-1002.142
496.0
436.7
91.7
1002.5759999999999
134.9
1002.2109999999999
1002.2109999999999
227.89999999999998
435.29999999999995
238.10000000000002
-220.7
-148.60000000000002
1001.554
1001.554
1003.226
-1000.365
10001.1145
-1003.154
1001.409
-1002.635
-1003.779
769.7
127.5
396.69999999999993
-1004.157
436.0
380.0
-1002.142
1002.193
394.79999999999995
10001.1145
436.59999999999997
1544.2
-1000.618
-509.9
-224.0
458.9
413.9
10002.1196
215.3
-1000.198
309.3
-10002.183500000001
394.79999999999995
1001.554
1001.568
376.0
-1002.635
444.99999999999994
1001.7639999999999
-1001.821
1002.2109999999999
386.99999999999994
386.99999999999994
352.59999999999997
416.5
9998.0588
-222.7
1001.1959999999999
119.4
407.19999999999993
10002.1208
-1002.015
377.7
9999.0542
394.79999999999995
398.0
1002.2149999999999
434.09999999999997
746.0
1000.6289999999999
-1002.635
2002.77
-1003.708
186.10000000000002
352.59999999999997
-1003.14
342.2
591.2
413.4
110.4
551.3
439.4
1002.0659999999999
695.8
136.4
374.59999999999997
113.10000000000001
1000.27
-1003.003
1004.223
398.59999999999997
413.9
-220.60000000000002
374.59999999999997
130.20000000000002
536.3
126.7
9999.0542
375.5
466.09999999999997
-1001.033
-1003.0120000000001
311.4
1001.2489999999999
1002.704
-214.10000000000002
-1005.696
377.7
1520.0
1002.2109999999999
-311.8
-1003.779
-10203.3
441.0
446.29999999999995
1001.121
1003.781
2006.4989999999998
413.9
1018.233
393.0
1003.9749999999999
-1002.635
1007.7769999999999
413.9
2016.6319999999998
-1000.172
-1003.14
-1002.001
593.9
10376.4
-10001.1042
186.10000000000002
340.09999999999997
220.9
1006.227
-1003.251
1004.1709999999999
413.9
354.0
10001.1342
1001.568
110.4
738.8999999999999
377.29999999999995
1001.568
-150.60000000000002
110.10000000000001
438.7
413.9
394.79999999999995
401.2
-1002.791
436.0
-212.60000000000002
1003.4709999999999
1000.435
10001.1145
-1005.0070000000001
497.29999999999995
532.2
1524.8000000000002
1002.188
-148.5
593.0
415.7
1000.435
-1002.015
-1000.618
-1002.64
-1002.64
193.3
446.29999999999995
-1003.01
1001.568
377.29999999999995
1005.1229999999999
-330.20000000000005
-1003.14
1001.7639999999999
391.0
455.0
-1278.9
417.29999999999995
374.59999999999997
399.4
399.9
186.10000000000002
186.10000000000002
380.59999999999997
186.10000000000002
-1006.594
471.29999999999995
400.59999999999997
191.3
501.3999999999999
419.59999999999997
402.59999999999997
430.7
374.59999999999997
-10001.182
421.09999999999997
410.4
-212.60000000000002
186.10000000000002
-212.60000000000002
399.9
185.2
186.10000000000002
-213.9
-10001.182
439.29999999999995
452.9
419.59999999999997
1014.9619999999999
-223.5
464.4
399.5
1017.2969999999999
401.0
-1003.189
1014.515
186.10000000000002
-1003.779
438.9
374.59999999999997
187.2
-10001.182
-755.0999999999999
-326.5
-10002.1833
622.1
837.5
-268.20000000000005
-135.3
1001.4659999999999
496.9
1002.0659999999999
448.0
-212.60000000000002
399.9
-10000.1834
460.69999999999993
-10000.1821
-212.60000000000002
-261.8
420.79999999999995
-10002.188100000001
399.9
-135.3
-1.7991999999994732
-10001.182
-10001.0844
186.10000000000002
-1001.664
-10001.182
-1001.568
413.9
-215.5
-10002.1866
186.10000000000002
374.59999999999997
419.59999999999997
636.1
-149.2
401.29999999999995
-10003.1897
418.4
-10000.1789
186.10000000000002
419.59999999999997
419.59999999999997
-10001.182
-152.20000000000002
488.99999999999994
518.2
-999.046
-214.3
-214.7
311.9
534.0
470.5
426.7
684.5999999999999
1846.3000000000002
1001.587
-10001.182
1006.145
204.60000000000002
186.10000000000002
419.59999999999997
374.59999999999997
-212.60000000000002
398.59999999999997
10624.3
421.5
-10002.1841
441.4
-10001.182
586.0
912.2
283.1
283.1
186.10000000000002
-10000.2203
423.5
408.7
306.79999999999995
425.2
1005.3249999999999
377.29999999999995
536.3
1611.3000000000002
605.7
605.7
516.5999999999999
605.7
397.09999999999997
188.7
187.2
-10001.182
10000.0544
-1002.64
399.9
399.9
-9999.2403
1000.572
-10001.182
186.10000000000002
-10002.189
399.59999999999997
301.59999999999997
410.4
-10002.1826
399.9
373.7
419.59999999999997
-10000.1837
-212.60000000000002
-1002.172
354.0
-1005.696
399.5
419.59999999999997
1017.3079999999999
1004.3789999999999
380.29999999999995
714.0999999999999
-1002.635
-999.753
-10002.1844
186.10000000000002
-9999.2427
352.59999999999997
423.09999999999997
724.8999999999999
556.0999999999999
193.0
193.0
406.7
-252.50000000000003
-10001.2818
-1002.015
-10000.197400000001
-10001.0844
-136.5
-227.8
-216.60000000000002
1000.559
1001.554
1016.805
-1002.001
-1001.517
399.9
-1001.642
491.7
-10003.1831
-214.2
399.9
399.9
399.9
399.9
409.2
394.59999999999997
-10003.1882
1027.308
438.9
187.7
1003.213
-212.60000000000002
-212.60000000000002
-999.674
419.59999999999997
304.2
419.59999999999997
-212.60000000000002
-1002.635
-1002.015
-212.60000000000002
-115.9
722.5
-10012.287400000001
-1000.869
-999.673
-10001.182
-10000.191
9996.1206
403.79999999999995
-10001.182
-1002.142
1001.568
-1003.779
722.5
-261.8
-212.60000000000002
-212.60000000000002
-212.60000000000002
10012.4285
-213.4
513.8
-137.8
400.5
605.7
-220.60000000000002
419.59999999999997
-223.0
-10001.182
-212.60000000000002
186.10000000000002
436.59999999999997
10376.4
9271.1
1017.0999999999999
-10002.121500000001
-10299.9
-212.60000000000002
-10000.246000000001
186.10000000000002
399.9
734.8999999999999
399.9
425.09999999999997
458.9
404.09999999999997
399.9
419.59999999999997
10011.193599999999
414.5
1001.409
398.5
-10002.1855
399.9
394.79999999999995
193.0
186.10000000000002
436.59999999999997
308.0
186.10000000000002
419.59999999999997
186.10000000000002
1002.246
722.5
-10001.182
407.9
186.10000000000002
374.59999999999997
374.59999999999997
374.59999999999997
399.9
374.59999999999997
399.9
415.29999999999995
419.59999999999997
-10001.182
9998.0543
-10002.182200000001
-212.60000000000002
-10001.182
516.5999999999999
-10002.183
402.7
-10001.182
202.60000000000002
-150.6
398.59999999999997
399.9
302.9
186.10000000000002
399.9
591.2
-216.4
399.9
-212.60000000000002
-113.4
499.4
376.79999999999995
458.9
761.8
831.2
458.9
432.0
432.0
-214.0
421.79999999999995
9665.7
186.10000000000002
734.8999999999999
-10001.182
999.1139999999999
999.779
186.10000000000002
488.99999999999994
-139.4
-213.4
437.79999999999995
608.5
399.9
1016.045
399.9
-10001.182
530.5999999999999
1014.8169999999999
399.9
375.79999999999995
374.59999999999997
403.4
-216.8
399.9
-212.60000000000002
488.99999999999994
-10002.1861
186.10000000000002
115.00000000000001
200.2
1014.4699999999999
429.59999999999997
419.59999999999997
419.59999999999997
419.59999999999997
429.59999999999997
-10002.1823
399.9
187.5
420.29999999999995
419.59999999999997
399.9
399.9
186.10000000000002
1002.5759999999999
399.9
375.5
-213.8
-164.3
419.59999999999997
1002.108
-1002.6990000000001
1016.8499999999999
1017.911
1004.819
1001.7639999999999
1477.3000000000002
2006.4989999999998
1018.6129999999999
1017.4899999999999
1014.6929999999999
1016.054
1002.828
1000.0659999999999
-10002.182200000001
1015.598
1001.9
1000.0659999999999
-212.60000000000002
220.9
-10003.1847
-10002.1831
702.9
-150.60000000000002
421.79999999999995
-1591.1
-1002.015
399.0
302.0
-217.10000000000002
-9448.5
471.09999999999997
668.7
474.5
-212.60000000000002
-10002.182200000001
1017.3629999999999
1013.6779999999999
399.9
-10012.383600000001
419.59999999999997
-214.7
-312.5
-311.3
-212.60000000000002
-114.4
413.9
-135.3
399.9
-1006.698
51.5
496.29999999999995
-223.8
399.09999999999997
305.0
739.8999999999999
-249.3
10002.1149
1001.554
9999.0528
-212.60000000000002
373.9
478.2
-1001.623
399.9
407.9
-1001.004
-213.8
-10002.1836
319.29999999999995
-499.50000000000006
391.0
336.7
503.69999999999993
399.59999999999997
420.59999999999997
403.59999999999997
439.79999999999995
-1003.668
402.29999999999995
418.9
416.59999999999997
-212.60000000000002
186.10000000000002
-10003.1873
401.4
-1002.64
-1003.642
-10000.1825
419.4
-10001.182
418.29999999999995
-10002.182200000001
-10002.1855
399.0
-212.60000000000002
186.10000000000002
475.7
-212.60000000000002
399.9
374.59999999999997
1004.7779999999999
472.7
-10003.189400000001
1001.568
376.9
-212.60000000000002
-212.60000000000002
-9990.473800000002
399.9
399.0
444.9
1002.0659999999999
-10003.187600000001
401.4
-213.10000000000002
438.09999999999997
-10002.1836
187.3
454.29999999999995
220.8
-10000.1964
-10001.182
532.2
-10001.1839
442.0
374.59999999999997
-10001.1836
376.9
186.10000000000002
137.10000000000002
419.59999999999997
399.9
-319.3
-10002.279700000001
-1003.636
-135.3
-138.4
401.2
-9999.1968
-154.0
-1002.635
-213.0
400.79999999999995
204.60000000000002
352.59999999999997
-135.3
-134.6
-10001.202500000001
-134.5
-135.3
326.7
-10000.1834
-213.7
-10003.1829
377.5
-10001.182
999.5999999999999
-1002.635
-10001.182
186.10000000000002
9997.1194
353.2
-168.0
-1001.029
376.9
-326.5
-217.10000000000002
-1003.779
-1002.015
499.79999999999995
401.59999999999997
-10002.1201
-1001.033
-1003.0020000000001
-1001.586
748.8999999999999
471.29999999999995
219.9
399.9
-220.4
-1002.023
-999.722
-1001.784
1014.9619999999999
-212.60000000000002
-212.60000000000002
419.59999999999997
-212.60000000000002
-261.8
9999.0542
419.59999999999997
-0.7994999999991705
130.20000000000002
-215.8
-215.9
186.10000000000002
479.59999999999997
-1002.644
10696.0
-10001.182
419.59999999999997
421.09999999999997
722.5
750.3
419.59999999999997
384.59999999999997
429.59999999999997
387.59999999999997
458.9
-10002.1836
-1002.64
399.9
-10002.1826
-10002.1826
399.9
-1001.668
201.5
-212.60000000000002
399.59999999999997
-10001.182
342.2
-213.8
-221.10000000000002
-10001.182
-1002.001
-10001.182
419.59999999999997
1001.554
-1001.693
419.59999999999997
1795.4
186.10000000000002
-10000.1915
-212.60000000000002
399.9
-139.7
336.2
-212.60000000000002
-10001.182
-10001.182
725.6999999999999
420.9
-10001.182
402.29999999999995
399.9
-250.4
354.0
-10001.182
-9723.900000000001
528.3
-217.7
-10002.1873
-212.60000000000002
438.9
321.29999999999995
399.9
405.2
-10002.1855
-10001.182
1016.6529999999999
999.573
399.9
419.59999999999997
-152.0
-212.60000000000002
391.0
186.10000000000002
376.4
-1002.001
-10000.2322
-263.20000000000005
424.7
1001.409
-135.3
-136.8
379.79999999999995
528.3
499.49999999999994
186.10000000000002
-138.1
-140.4
-136.5
-135.3
-135.0
-135.3
-136.6
-135.3
-135.3
-144.3
413.9
342.2
422.0
186.10000000000002
186.10000000000002
186.10000000000002
488.99999999999994
1004.1199999999999
-212.60000000000002
377.7
-1000.618
399.59999999999997
496.9
799.5
425.7
-212.60000000000002
399.9
-1001.6460000000001
-1001.862
-1001.6460000000001
-1001.686
399.9
399.9
186.10000000000002
-214.10000000000002
399.9
-212.60000000000002
399.9
410.4
410.4
399.9
402.4
399.9
399.29999999999995
399.9
399.9
406.0
399.9
439.2
-217.9
-1004.071
-10004.1873
414.79999999999995
-10001.182
-10002.279700000001
413.9
-220.4
418.79999999999995
384.59999999999997
1016.7019999999999
-135.3
-10002.182200000001
-10001.202500000001
374.59999999999997
-1001.018
1002.3649999999999
399.79999999999995
342.2
420.7
-216.3
439.2
-10002.1996
501.29999999999995
399.9
-212.60000000000002
402.09999999999997
399.9
-143.1
407.79999999999995
716.8
387.0
418.09999999999997
399.9
413.9
384.59999999999997
-136.7
399.9
-136.7
-10296.9
-135.3
387.0
302.2
342.2
464.7
458.9
432.0
734.8999999999999
458.9
432.0
-10002.1826
734.8999999999999
401.09999999999997
436.0
-315.8
-219.7
458.9
312.9
387.0
384.59999999999997
413.9
413.9
378.79999999999995
374.59999999999997
312.9
374.59999999999997
376.0
451.0
438.2
186.10000000000002
387.0
-10001.182
413.9
-10001.182
186.10000000000002
186.10000000000002
188.5
-999.397
-10000.1789
111.5
-10002.1795
528.3
419.59999999999997
342.2
429.59999999999997
419.59999999999997
413.9
374.59999999999997
-1001.652
374.59999999999997
831.2
490.3999999999999
399.9
-10002.189
-1001.647
399.9
-10000.1789
186.3
-10000.1789
413.9
384.59999999999997
495.09999999999997
110.10000000000001
186.10000000000002
1606.6000000000001
192.10000000000002
411.2
-9999.2909
404.09999999999997
374.59999999999997
399.9
186.10000000000002
-213.8
410.4
186.10000000000002
-212.60000000000002
186.10000000000002
-10001.182
-10001.182
-262.70000000000005
425.7
458.9
354.09999999999997
-10000.187100000001
-1004.45
488.99999999999994
186.10000000000002
-195.9
511.5
-10001.182
-212.60000000000002
399.9
399.09999999999997
402.4
-183.60000000000002
516.5999999999999
426.5
186.10000000000002
186.10000000000002
186.10000000000002
399.9
304.29999999999995
374.59999999999997
186.10000000000002
186.10000000000002
399.9
-10001.182
186.10000000000002
-998.081
-247.3
-214.3
374.59999999999997
-272.0
374.59999999999997
304.9
399.9
377.09999999999997
342.2
-136.5
-212.60000000000002
-212.60000000000002
-212.60000000000002
-212.60000000000002
-10000.1841
186.10000000000002
611.9
399.9
439.7
186.10000000000002
-212.60000000000002
-134.5
-212.60000000000002
-1003.16
186.10000000000002
-10002.1833
-1004.792
-10299.199999999999
-10003.1214
-10002.0879
-10002.1833
-10001.1855
-10003.1879
677.5
419.59999999999997
-10001.182
-1003.774
374.59999999999997
399.9
999.4409999999999
342.2
-1003.176
-1004.672
-10203.3
-10002.1821
721.5999999999999
-10000.1821
186.10000000000002
488.99999999999994
419.59999999999997
-10001.182
405.09999999999997
288.40000000000003
411.0
186.10000000000002
420.9
-212.60000000000002
488.99999999999994
-212.60000000000002
419.59999999999997
-313.0
-1002.1370000000001
-212.60000000000002
204.60000000000002
399.9
186.10000000000002
-153.0
419.59999999999997
10011.4271
186.10000000000002
-10002.299500000001
186.2
-135.3
-135.3
-10001.1828
-214.8
-10002.1888
-10002.189
-1001.6510000000001
-10001.182
-150.60000000000002
-10001.182
-1002.099
-212.60000000000002
-1006.729
186.10000000000002
-262.6
1002.5699999999999
-10001.182
437.79999999999995
-10002.1821
-10000.228500000001
-10001.182
458.9
-10002.189
-10002.1836
-10002.279700000001
1003.9749999999999
186.10000000000002
-10001.182
399.9
419.59999999999997
-10002.189
-213.7
-212.60000000000002
401.0
-1001.587
-999.98
186.10000000000002
95.60000000000001
-261.8
237.20000000000005
238.10000000000002
-152.4
-1000.618
419.59999999999997
1002.0659999999999
354.0
418.79999999999995
-212.60000000000002
97.8
374.59999999999997
-10001.182
186.10000000000002
912.8000000000001
700.0
399.9
-263.6
10002.1843
-212.60000000000002
-10002.1821
323.69999999999993
411.4
186.10000000000002
-10002.1836
193.0
401.4
405.59999999999997
-10001.1919
-1001.682
-10001.1872
-216.3
191.8
1018.1469999999999
1018.1469999999999
440.9
523.7
191.8
1000.116
-216.3
-149.4
425.29999999999995
382.59999999999997
382.59999999999997
380.7
186.10000000000002
400.09999999999997
400.79999999999995
-10001.1916
-10003.1828
-9999.1967
1017.0999999999999
188.5
-10001.1975
420.9
413.9
399.9
399.59999999999997
-212.60000000000002
204.60000000000002
591.0
-135.3
-135.3
399.9
-156.7
458.9
387.0
434.5
432.0
419.59999999999997
-214.2
422.7
441.2
-10001.182
-218.9
185.3
-10002.182200000001
186.0
1001.554
-10001.182
390.0
-1003.639
376.9
-213.8
-10000.191
-215.2
-141.0
-212.60000000000002
516.5999999999999
-212.60000000000002
-115.9
-214.3
1007.685
399.9
399.9
374.59999999999997
374.59999999999997
342.2
399.9
535.2
-10001.182
-212.60000000000002
491.29999999999995
677.5
-228.8
401.29999999999995
-10001.182
1003.222
-216.7
-10002.2001
-10012.383600000001
-10010.1877
399.9
399.9
-10001.182
-10001.182
-1004.617
-212.60000000000002
-263.4
337.59999999999997
1001.409
416.29999999999995
512.9
-10002.1841
423.7
605.7
399.2
1011.4259999999999
-10000.1867
375.2
-9990.513200000001
426.7
399.9
-10001.182
-10001.182
-1002.995
1001.409
-1002.635
374.59999999999997
-1002.015
419.59999999999997
-212.60000000000002
435.29999999999995
134.9
1016.103
-1003.779
458.9
746.0
-216.4
418.79999999999995
-10001.182
374.59999999999997
399.9
-212.60000000000002
-1004.119
439.2
-1001.64
-10002.1888
1001.423
-1003.025
374.59999999999997
-380.6
-212.0
-10001.182
-213.10000000000002
419.59999999999997
-212.60000000000002
336.2
-1000.317
-1002.015
-213.10000000000002
98.5
477.09999999999997
479.59999999999997
-1002.001
-10000.1915
-10001.182
-1002.64
-0.7994999999991705
376.9
398.9
-10001.182
-10003.1924
-139.20000000000002
-135.3
-135.3
1002.4549999999999
186.10000000000002
186.10000000000002
399.4
-212.60000000000002
-184.5
484.7
419.59999999999997
-10002.182700000001
401.79999999999995
1015.9639999999999
-10001.182
-216.2
-213.9
-212.60000000000002
-10001.182
-9990.545600000001
-10002.1888
-212.60000000000002
-10001.182
-1002.015
1001.568
-260.1
376.9
1001.554
-10001.182
-10001.182
438.9
-214.2
-311.3
-10001.182
1002.2109999999999
-150.60000000000002
-10000.1964
-10000.1821
407.9
-1003.774
1000.574
-1002.015
-212.60000000000002
-212.60000000000002
-212.60000000000002
-10001.182
-10002.1988
-10002.1829
380.0
439.0
-215.3
-1002.015
304.2
399.9
412.7
407.9
-135.3
-10001.182
-10000.252700000001
376.09999999999997
-9999.2317
-9999.134
-1001.6370000000001
348.0
401.59999999999997
374.59999999999997
399.9
1003.2159999999985
-277.70000000000005
426.9
440.7
-10001.182
-10001.182
-212.60000000000002
-10000.1964
-10002.1843
-10002.1832
-135.3
374.59999999999997
-212.60000000000002
-138.2
-212.60000000000002
-212.60000000000002
-10001.182
-10001.182
-10001.182
1003.9749999999999
-1000.618
-10002.1836
-212.60000000000002
399.9
-184.5
453.2
374.59999999999997
1015.598
1404.7000000000003
10002.1356
400.9
186.10000000000002
186.10000000000002
186.10000000000002
186.10000000000002
186.10000000000002
410.4
186.10000000000002
-10001.182
485.59999999999997
410.4
410.4
401.59999999999997
316.5
399.9
-1002.142
399.9
399.9
377.09999999999997
187.5
-1007.6220000000001
-1001.162
399.9
-10001.182
-10002.1836
-10002.1836
-10002.1836
-10000.2741
186.0
-9999.2348
-10000.2409
-9999.1852
423.2
-10000.1846
-10000.2349
-218.60000000000002
477.9
-1001.666
-1003.117
-1002.668
-214.2
-10000.1846
189.7
-1004.032
-10300.3
-1002.635
-1002.635
-10001.182
-10003.2799
-10001.182
-10296.9
-10000.1789
-212.0
-213.8
-212.60000000000002
419.59999999999997
399.9
399.9
188.5
374.59999999999997
-0.7994999999991705
9999.0542
9999.107
9998.0222
9999.0542
9998.1183
9999.0542
9999.1167
419.59999999999997
-213.8
-214.60000000000002
458.9
-217.0
1000.275
1003.689
400.2
402.9
422.59999999999997
422.59999999999997
1162.7
10013.4096
422.59999999999997
189.10000000000002
419.59999999999997
419.59999999999997
429.59999999999997
204.60000000000002
-999.669
419.59999999999997
422.0
1016.1639999999999
1013.6379999999999
1003.4319999999999
422.09999999999997
399.9
-10001.182
399.0
1001.568
446.29999999999995
-212.60000000000002
419.59999999999997
401.2
419.59999999999997
1002.188
419.59999999999997
516.3
1017.8509999999999
722.5
419.59999999999997
419.59999999999997
374.59999999999997
1001.568
337.4
1018.9609999999999
386.99999999999994
-150.10000000000002
399.9
374.59999999999997
502.09999999999997
401.79999999999995
-212.60000000000002
-1003.636
1601.7000000000003
-218.8
496.9
186.10000000000002
-1001.65
-334.5
1001.554
-212.60000000000002
416.4
419.59999999999997
-220.4
413.9
-10003.1958
-249.3
-1001.73
-1001.04
419.59999999999997
1017.2969999999999
1018.2989999999999
536.3
-1003.779
-1005.0070000000001
437.79999999999995
1004.1199999999999
-1002.015
-218.5
374.59999999999997
513.8
428.7
417.9
1001.554
-220.60000000000002
415.29999999999995
-1004.677
1001.554
422.09999999999997
-213.0
1000.0709999999999
2004.369
-10002.1905
426.7
419.59999999999997
419.59999999999997
-213.9
-212.60000000000002
399.9
375.79999999999995
-1000.735
-214.3
-212.60000000000002
319.29999999999995
422.09999999999997
394.79999999999995
-1002.928
2005.884
2001.418
399.9
442.09999999999997
