-10001.182
-10001.182
-9999.0982
-9998.0871
-221.10000000000002
-1000.554
-491.79999999999995
-218.2
-1002.234
-151.1
-1001.366
-221.10000000000002
-1003.0120000000001
-425.70000000000005
-212.60000000000002
-50.800000000000004
-1003.14
-999.367
-999.665
-1001.6460000000001
-1001.686
-1000.365
-1000.365
-9990.493400000001
-1002.635
-844.3000000000001
-10001.182
-1001.665
-150.60000000000002
-232.60000000000002
-212.60000000000002
-150.60000000000002
-138.2
-10001.182
-10001.182
-10001.182
-10001.182
-10001.182
-1003.655
-10013.262200000001
-10001.182
-1004.669
-10001.182
-10001.182
-10001.182
-10001.182
-10001.182
-10001.182
-10001.182
-10001.182
-10001.182
-10001.182
-224.60000000000002
-10193.599999999999
-10001.182
-10001.182
-10002.1888
-1001.8770000000001
-10001.182
-10002.1872
-10001.182
-10001.182
-10001.182
-10001.182
-10001.182
-10001.182
-10001.182
-10001.182
-10001.182
-10002.121500000001
-150.60000000000002
-212.60000000000002
-212.60000000000002
-10001.182200000001
-10000.1789
-138.5
-10003.1838
-212.60000000000002
-157.9
-135.3
-135.3
-135.3
-135.3
-136.8
-135.3
-10001.1042
-171.5
-143.3
-135.3
-135.3
-135.3
-10000.1789
-1005.681
-212.60000000000002
-212.60000000000002
-10001.182
-213.9
-213.8
-1001.862
-212.60000000000002
-212.60000000000002
-149.2
-1002.001
-1003.024
-1002.001
-1003.414
-149.2
-1002.001
-150.6
-185.3
-1003.003
-10001.088
-9991.4536
-1001.667
-10001.182
-214.2
-999.6800000000001
-212.60000000000002
-10001.182
-212.60000000000002
-261.8
-999.876
-212.60000000000002
-212.60000000000002
-212.60000000000002
-212.60000000000002
-254.0
-1007.655
-212.60000000000002
-212.60000000000002
-212.60000000000002
-212.60000000000002
-1001.694
-212.60000000000002
-217.0
-212.60000000000002
-212.60000000000002
-212.60000000000002
-212.60000000000002
-212.60000000000002
-212.60000000000002
-212.60000000000002
-212.60000000000002
-212.60000000000002
-9991.3961
-10001.0858
-10003.1221
-212.60000000000002
-212.60000000000002
-1003.019
-215.2
-212.60000000000002
-1004.697
-212.60000000000002
-1005.105
-212.60000000000002
-148.7
-216.4
-218.60000000000002
-1002.635
-1001.797
-1002.001
-443.6000000000001
-1003.779
-1002.635
-135.1
-10000.1789
-1004.143
-999.687
-1002.001
-1002.001
-1003.005
-129.1
-135.3
-212.60000000000002
-1004.114
-212.60000000000002
-127.30000000000001
-1000.618
-1003.163
-10001.182
-10001.182
-1002.635
-212.60000000000002
-999.674
-10001.182
-9894.900000000001
-10002.121500000001
-1000.317
-10001.182
-212.60000000000002
-220.0
-10001.182
-1004.032
-1001.159
-10001.182
-212.60000000000002
-998.772
-164.0
-1002.791
-10001.182
-1002.015
-1596.3999999999999
-10001.182
-212.60000000000002
-1003.644
-261.8
-1000.618
-9998.1906
-10002.1821
-212.60000000000002
-278.0
-150.60000000000002
-10305.4
-1002.015
-214.8
-1003.644
-1003.14
-235.0
-1003.64
-158.9
-10001.1224
-496.0
-1002.015
-1005.756
-212.60000000000002
-10001.0858
-1002.015
-212.60000000000002
-1002.923
-1002.001
-214.8
-150.60000000000002
-1002.641
-136.2
-1001.725
-150.60000000000002
-229.5
-226.50000000000003
-212.60000000000002
-1002.015
-1002.732
-9999.2024
-151.7
-10000.1556
-213.10000000000002
-998.667
-1002.64
-1001.062
-288.4
-1002.635
-150.60000000000002
-152.5
-214.2
-115.4
-10003.090400000001
-212.60000000000002
-1003.6510000000001
-109.8
-1003.039
-1002.001
-1002.001
-1003.2760000000001
-1003.039
-1002.145
-1002.001
-1001.016
-1001.725
-153.0
-1004.3720000000001
-1000.567
-1002.635
-1278.9
-1002.5980000000001
-203.8
-1000.365
-1002.64
-213.10000000000002
-10001.1206
-999.817
-1002.015
-1002.015
-236.60000000000002
-189.9
-1003.657
-212.60000000000002
-1278.9
-999.373
-1002.635
-10002.121500000001
-212.60000000000002
-1002.64
-999.386
-213.10000000000002
-1002.015
-149.9
-1002.635
-1278.4
-1002.001
-10002.183500000001
-1002.015
-1004.189
-212.60000000000002
-249.3
-212.60000000000002
-10000.1338
-1004.144
-319.5
-1002.64
-1002.64
-214.20000000000002
-433.19999999999993
-1004.109
-1001.019
-1002.635
-1002.635
-56.0
-220.60000000000002
-213.10000000000002
-164.4
-213.10000000000002
-1002.635
-1001.517
-1002.64
-1002.001
-212.60000000000002
-211.8
-1216.4
-1002.015
-150.60000000000002
-1002.001
-425.70000000000005
-212.60000000000002
-1000.365
-1000.618
-236.60000000000002
-213.10000000000002
-316.1
-1000.365
-150.5
-1001.022
-212.60000000000002
-213.10000000000002
-10000.2006
-1002.64
-122.4
-1003.655
-228.40000000000003
-1000.393
-1000.702
-1002.64
-150.60000000000002
-1000.567
-206.10000000000002
-1002.015
-1002.015
-1001.016
-1004.7810000000001
-329.1
-10001.3304
-1001.517
-1000.634
-1002.015
-214.7
-1002.142
-213.10000000000002
-10003.1261
-1003.779
-314.7
-213.10000000000002
-1002.821
-1001.091
-1004.721
-1000.98
-999.672
-1002.64
-213.10000000000002
-150.60000000000002
-213.10000000000002
-213.10000000000002
-1000.618
-1279.6
-999.455
-220.9
-1001.7570000000001
-1005.167
-150.60000000000002
-1003.02
-215.4
-158.5
-136.4
-1001.639
-212.60000000000002
-212.60000000000002
-10001.182
-1003.016
-217.3
-10001.182
-360.5
-280.2
-212.60000000000002
-999.626
-213.7
-212.60000000000002
-10001.182
-220.3
-1004.1560000000001
-212.60000000000002
-212.60000000000002
-10001.182
-213.10000000000002
-10001.182
-148.7
-10001.182
-220.4
-212.60000000000002
-10001.182
-10001.182
-212.60000000000002
-1001.839
-10298.8
-151.8
-267.4
-10001.182
-10000.1821
-135.3
-10001.1222
-1001.381
-218.8
-10001.182
-10001.182
-10002.1201
-212.60000000000002
-10000.1825
-10395.599999999999
-1002.669
-10001.182
-212.60000000000002
-212.60000000000002
-150.60000000000002
-212.60000000000002
-10001.182
-212.60000000000002
-213.3
-151.3
-10002.182200000001
-999.665
-212.60000000000002
-10002.1844
-326.5
-211.7
-1002.373
-1000.198
-135.3
-10002.1821
-135.3
-999.625
-1000.365
-10001.182
-10001.182
-10000.1915
-216.0
-326.5
-0.7780999999995402
-212.7
-213.4
-212.60000000000002
-999.54
-212.60000000000002
-10000.1789
-156.7
-10001.182
-212.60000000000002
-10002.1823
-10001.182
-143.8
-10003.189
-10002.1888
-213.10000000000002
-10301.3
-10001.182
-217.4
-1003.6510000000001
-137.5
-10001.182
-212.60000000000002
-10430.3
-212.60000000000002
-10299.8
-215.7
-1002.001
-215.2
-10002.1836
-1001.691
-135.3
-212.60000000000002
-10003.1937
-213.10000000000002
-10001.182
-10001.088
-136.7
-141.9
-1004.662
-271.9
-1004.799
-212.60000000000002
-261.8
-211.7
-156.3
-278.0
-1003.6610000000001
-10002.1826
-1298.9
-1000.365
-212.60000000000002
-10001.182
-10001.0863
-10001.182
-461.7000000000001
-10001.182
-10001.182
-1002.015
-10001.182
-215.2
-1003.774
-1003.821
-10001.182
-261.8
-10002.1866
-212.60000000000002
-10001.182
-278.0
-212.10000000000002
-212.60000000000002
-212.60000000000002
-10012.286
-10002.1888
-10001.182
-10000.1834
-286.8
-10000.1915
-10003.1837
-10001.182
-10296.9
-212.60000000000002
-10002.1826
-212.60000000000002
-10000.2256
-212.60000000000002
-213.8
-113.0
-9998.189400000001
-212.60000000000002
-214.2
-216.5
-248.4
-1001.144
-10001.1986
-138.8
-330.20000000000005
-138.6
-10001.182
-10002.1842
-1002.693
-10000.184000000001
-10494.3
-10000.197400000001
-10001.182
-214.2
-212.60000000000002
-214.8
-10001.182
-1003.6510000000001
-216.2
-216.2
-268.9
-212.60000000000002
-328.20000000000005
-212.60000000000002
-1002.015
-10001.182
-212.60000000000002
-1001.371
-192.5
-197.9
-10001.2223
-10002.2348
-10001.1838
-265.20000000000005
-212.60000000000002
-10002.1838
-229.60000000000002
-263.70000000000005
-1002.001
-214.60000000000002
-10014.3212
-214.8
-10002.1839
-1002.621
-264.9
-1001.37
-10001.182
-10001.182
-9518.2
-10001.2383
-10001.1847
-212.60000000000002
-136.5
-213.7
-10002.1825
-10002.1837
-10001.182
-266.4
-10004.1838
-222.10000000000002
-10002.1826
-136.7
-217.3
-10001.182
-1003.14
-364.9
-212.60000000000002
-149.2
-10013.306400000001
-10002.1888
-216.0
-10001.182
-10001.197100000001
-1002.015
-212.60000000000002
-10003.1852
-10000.1915
-1000.5980000000001
-1000.815
-214.3
-212.60000000000002
-134.8
-1003.652
-10299.8
-10002.1824
-8999.2674
-212.60000000000002
-135.3
-135.3
-9991.474900000001
-10013.308200000001
-263.5
-213.8
-10444.8
-10000.2322
-10001.2323
-135.3
-10002.1201
-10001.2345
-214.10000000000002
-135.3
-10000.1823
-10001.182
-10002.1821
-10299.3
-10001.182
-10000.1789
-10001.182
-10002.1832
-10000.297700000001
-10194.8
-212.60000000000002
-10001.182
-1001.636
-219.0
-212.60000000000002
-219.2
-261.8
-1001.517
-10001.182
-10001.182
-1004.667
-10002.1872
-220.60000000000002
-10002.1872
-218.8
-164.3
-10311.0
-10001.182
-218.2
-212.60000000000002
-1004.155
-326.5
-326.5
-10002.1854
-471.0
-316.3
-10000.2729
-10001.182
-153.20000000000002
-10000.2322
-9997.1922
-10000.2311
-212.60000000000002
-10001.182
-330.6
-213.9
-211.7
-216.0
-157.8
-135.3
-10000.182200000001
-214.2
-286.0
-10000.1841
-10001.182
-212.60000000000002
-10001.182
-10001.182
-212.60000000000002
-1002.635
-213.8
-212.60000000000002
-212.60000000000002
-10002.1841
-9898.5
-9999.201500000001
-10001.182
-10000.184500000001
-10001.1598
-221.8
-10000.2203
-247.3
-10000.1789
-8999.2631
-212.0
-1002.635
-1002.926
-314.7
-212.60000000000002
-10002.1823
-10001.182
-211.9
-10001.1952
-999.681
-999.772
-10001.182
-213.10000000000002
-213.8
-230.2
-212.60000000000002
-1001.62
-10004.1874
-212.60000000000002
-213.7
-10296.099999999999
-1003.779
-1003.774
-1003.779
-1003.779
-1001.797
-1003.154
-1003.779
-1001.7570000000001
-1003.779
-1004.013
-1003.154
-1216.0
-1003.936
-1004.789
-1002.843
-10002.199
-216.10000000000002
-215.5
-10001.182
-10001.182
-1003.663
-214.5
-10000.1824
-296.5
-213.8
-10000.1789
-10012.2894
-10296.9
-10003.1893
-1001.664
-135.3
-137.5
-214.8
-10001.182
-10001.188900000001
-216.9
-212.60000000000002
-135.3
-10001.1794
-220.4
-213.7
-214.0
-10010.3946
-10002.1872
-215.8
-10001.182
-10003.1852
-136.4
-10002.189
-150.60000000000002
-1002.713
-10001.182
-10001.182
-10001.182
-10002.184500000001
-328.0
-212.60000000000002
-139.1
-10001.1181
-10001.182
-330.6
-215.2
-212.60000000000002
-10001.182
-10361.8
-212.60000000000002
-10001.182
-1003.659
-1002.64
-214.3
-10001.182
-213.10000000000002
-212.60000000000002
-10002.1866
-10001.182
-212.60000000000002
-10000.297700000001
-212.60000000000002
-10001.088
-1002.001
-10001.182
-217.10000000000002
-213.8
-1002.643
-150.60000000000002
-10000.1964
-212.60000000000002
-1278.9
-229.70000000000002
-10001.182
-10002.084200000001
-215.2
-211.8
-1004.511
-10000.2322
-10000.1964
-10003.1895
-215.9
-261.8
-10000.2322
-261.8
-10001.198
-212.7
-10001.182
-10003.183
-10001.182
-250.8
-10001.182
-187.10000000000002
-10001.2333
-261.8
-163.5
-276.9
-10000.2322
-268.0
-262.9
-333.20000000000005
-10003.2836
-10298.0
-1004.128
-10002.279700000001
-782.0
-218.7
-212.60000000000002
-1002.635
-999.677
-269.6
-223.3
-212.60000000000002
-1004.414
-327.70000000000005
-211.8
-311.8
-1001.687
-1184.2
-212.60000000000002
-1003.154
-1004.849
-1002.149
-1004.157
-1002.918
-1004.7860000000001
-1005.972
-546.7
-1001.299
-1003.2760000000001
-1003.774
-1003.779
-1003.827
-1002.793
-1003.154
-1002.928
-1003.779
-1001.797
-1003.779
-1003.14
-1003.001
-1004.166
-1005.811
-1004.792
-1003.154
-1003.001
-1004.019
-1004.415
-1003.001
-1004.777
-1003.774
-1003.14
-1004.201
-1004.815
-1408.5
-1003.14
-1003.14
-1003.14
-1003.14
-1003.14
-1002.782
-1003.779
-1003.14
-1001.797
-1003.14
-1195.7
-1003.14
-1003.14
-1002.642
-1003.14
-1004.284
-1003.251
-1003.641
-212.60000000000002
-10001.182
-999.6370000000001
-1000.815
-1003.664
-998.8100000000001
-1002.635
-1002.635
-226.0
-212.60000000000002
-137.9
-10000.2322
-10002.1888
-10002.1821
-10001.182
-10000.217700000001
-214.3
-1002.145
-212.2
-1003.663
-214.10000000000002
-10002.182200000001
-10001.182
-218.8
-1005.639
-10001.182
-1002.642
-10001.1874
-10000.2203
-10001.182
-10001.182
-10001.182
-10001.182
-252.8
-10296.9
-212.60000000000002
-1002.664
-10001.182
-212.60000000000002
-10001.182
-10001.1825
-10001.182
-10001.182
-10003.1842
-10002.1888
-212.60000000000002
-10001.182
-212.60000000000002
-10002.2325
-212.60000000000002
-10000.1834
-261.8
-10000.2322
-999.2620000000001
-1001.029
-247.3
-170.0
-1000.994
-1005.158
-1002.092
-212.60000000000002
-218.8
-220.60000000000002
-220.60000000000002
-10002.189
-10000.1908
-10003.2412
-10002.189
-10002.189
-10002.189
-220.60000000000002
-10304.9
-10002.189
-220.60000000000002
-10002.189
-220.60000000000002
-10002.189
-220.60000000000002
-10002.189
-10001.182
-10000.182700000001
-10001.182
-212.60000000000002
-10001.182
-212.60000000000002
-10001.182
-9999.221800000001
-10001.182
-10002.1836
-10000.1824
-221.10000000000002
-212.60000000000002
-10002.1861
-140.7
-1002.142
-1000.618
-1002.001
-1000.787
-1002.881
-1002.142
-993.5840000000001
-10000.1964
-1004.087
-10002.1826
-10000.086000000001
-261.8
-10001.182
-213.10000000000002
-10001.182
-1003.779
-10002.182700000001
-10002.189
-10000.1964
-10014.3909
-219.7
-1002.015
-10001.182
-212.60000000000002
-10002.1832
-10001.182
-212.60000000000002
-219.7
-212.60000000000002
-10001.182
-10001.182
-10001.182
-10001.182
-10296.9
-999.836
-213.9
-214.2
-1001.83
-1003.645
-10296.9
-10001.182
-10001.182
-10001.182
-10002.1836
-1.7960000000002765
-211.8
-212.60000000000002
-135.3
-1002.1370000000001
-10000.239300000001
-1002.015
-212.60000000000002
-1003.708
-10001.2032
-10001.182
-10001.182
-10296.9
-212.60000000000002
-10001.182
-225.8
-215.8
-10001.182
-10298.5
-212.60000000000002
-135.3
-10002.182200000001
-10000.2729
-150.60000000000002
-156.7
-10001.182
-10001.182
-220.60000000000002
-1002.015
-10001.182
-10000.1964
-226.0
-230.0
-10002.1844
-1002.64
-10001.182
-215.9
-10003.1866
-1002.001
-261.8
-10001.182
-10000.1846
-1004.847
-10001.182
-212.60000000000002
-136.4
-135.3
-212.60000000000002
-10000.1915
-212.60000000000002
-230.60000000000002
-1002.64
-10001.1546
-212.60000000000002
-0.7971999999990658
-10001.182
-214.8
-1000.317
-1001.679
-10001.182
-1002.015
-10001.182
-1002.635
-214.2
-10003.188900000001
-10000.2322
-213.9
-9990.4516
-10000.297700000001
-10001.182
-187.10000000000002
-1000.775
-10001.1986
-10000.2126
-212.60000000000002
-218.2
-1001.366
-10001.182
-10011.2882
-9999.2358
-215.2
-10001.182
-10001.182
-326.5
-1298.9
-10001.182
-10002.220000000001
-10003.2805
-215.3
-9000.206900000001
-216.4
-10000.297700000001
-136.7
-212.4
-150.60000000000002
-215.2
-10002.1855
-212.60000000000002
-9989.587500000001
-10001.182
-10001.182
-212.60000000000002
-1003.016
-10002.183
-10000.297700000001
-10001.182
-10001.182
-10001.182
-10001.182
-10003.186300000001
-9998.0893
-212.60000000000002
-216.8
-1002.1370000000001
-10002.1854
-135.3
-1003.663
-214.60000000000002
-214.3
-10001.182
-1002.96
-314.3
-212.60000000000002
-215.10000000000002
-212.60000000000002
-215.2
-10001.182
-212.60000000000002
-212.60000000000002
-212.60000000000002
-261.8
-213.9
-150.9
-212.7
-10002.182200000001
-10001.182
-1001.817
-212.60000000000002
-10001.182
-9998.086800000001
-10000.1789
-10012.3063
-135.3
-10003.1895
-226.5
-352.20000000000005
-135.3
-116.30000000000001
-263.1
-1001.1560000000001
-135.3
-213.9
-9424.000000000002
-212.60000000000002
-1002.635
-212.60000000000002
-1000.16
-135.3
-138.2
-1002.64
-135.3
-135.3
-223.0
-212.60000000000002
-135.3
-211.9
-9999.1803
-221.10000000000002
-512.3
-212.60000000000002
-220.4
-10002.1888
-212.60000000000002
-135.3
-998.0500000000001
-216.0
-278.0
-136.8
-217.0
-212.60000000000002
-212.60000000000002
-10000.2203
-1002.635
-1002.64
-10002.1855
-10001.182
-10001.182
-249.20000000000002
-10000.2322
-311.3
-249.3
-1001.343
-20014.4654
-10002.1821
-215.2
-214.8
-135.3
-135.3
-216.0
-211.7
-216.0
-216.0
-213.2
-1000.317
-998.806
-10000.2203
-212.60000000000002
-10001.1825
-10001.182
-10002.1836
-10001.182
-1003.01
-212.5
-10000.1789
-10000.1789
-999.426
-10000.182200000001
-214.4
-10002.1825
-10001.182
-10001.182
-10001.182
-10002.279700000001
-10001.182
-10001.182
-1003.779
-212.60000000000002
-212.60000000000002
-10002.1832
-998.818
-1001.9540000000001
-261.5
-10001.182
-10334.199999999999
-8988.3718
-10001.182
-999.819
-10001.182
-10002.1844
-10001.182
-10002.1823
-10001.182
-10001.197
-10001.182
-1002.64
-229.10000000000002
-10001.182
-1002.635
-212.60000000000002
-10000.2322
-215.2
-10001.182
-9999.1221
-9988.519600000001
-145.2
-10002.1823
-10312.5
-214.4
-1002.157
-10001.1885
-1000.198
-10001.182
-212.60000000000002
-10001.182
-212.60000000000002
-212.60000000000002
-10001.182
-212.60000000000002
-10001.182
-868.5
-212.60000000000002
-10296.9
-10001.182
-212.60000000000002
-10296.9
-212.60000000000002
-211.60000000000002
-1001.016
-212.60000000000002
-212.60000000000002
-10001.182
-10001.182
-10000.1841
-10000.1834
-211.8
-511.5
-10002.1839
-10001.182
-2.0850000000000364
-1000.8720000000001
-263.0
-261.8
-212.60000000000002
-211.8
-10003.282000000001
-10012.3858
-10002.1831
-220.60000000000002
-10001.182
-10002.189
-10002.280200000001
-1004.664
-212.60000000000002
-1000.618
-9990.472800000001
-1003.14
-217.10000000000002
-10000.1823
-10003.1227
-8995.467
-1.7947999999996682
-153.7
-1000.365
-212.60000000000002
-212.60000000000002
-212.60000000000002
-1001.03
-216.0
-216.4
-10298.0
-10001.2323
-10001.182
-999.681
-184.5
-212.60000000000002
-10001.182
-215.3
-10002.1866
-10001.188
-10002.1866
-10002.1866
-10002.1866
-218.2
-1002.993
-192.8
-999.629
-10000.1837
-150.60000000000002
-10296.9
-10001.199
-212.60000000000002
-135.3
-214.4
-10000.183500000001
-10001.1749
-10002.0951
-1002.001
-212.60000000000002
-212.60000000000002
-10000.1867
-10001.1842
-1002.097
-1001.817
-136.5
-121.9
-222.8
-10002.189
-10002.1844
-10002.1844
-10002.1844
-10002.1844
-10002.1821
-10001.182
-10000.1934
-212.60000000000002
-212.60000000000002
-212.60000000000002
-10001.182
-1278.9
-135.3
-998.416
-212.60000000000002
-1002.635
-1001.621
-217.5
-212.60000000000002
-10000.182200000001
-212.60000000000002
-214.4
-212.60000000000002
-10001.182
-220.60000000000002
-212.0
-10001.182
-212.60000000000002
-1003.663
-10002.1854
-0.7994999999991705
-10001.182
-10001.182
-212.60000000000002
-10001.182
-10001.182
-8995.612000000001
-327.6
-10001.182
-9997.1401
-10002.2391
-211.8
-262.9
-10000.1789
-1002.015
-162.10000000000002
-135.3
-226.0
-230.8
-10001.182
-10002.184500000001
-213.7
-10001.182
-212.60000000000002
-1002.635
-212.60000000000002
-999.753
-9999.2199
-261.8
-999.876
-150.5
-219.7
-1005.6850000000001
-10002.1861
-214.2
-212.60000000000002
-10002.184000000001
-135.3
-1003.774
-261.8
-212.60000000000002
-212.60000000000002
-217.5
-214.8
-1002.001
-10002.1828
-10001.182
-231.60000000000002
-10001.182
-10001.182
-10001.182
-10001.182
-10298.099999999999
-10002.1872
-10000.1824
-10000.191
-10296.9
-212.60000000000002
-1002.001
-1002.015
-999.678
-1002.015
-1001.619
-1000.015
-1002.64
-1002.015
-1002.001
-1003.016
-1003.053
-1278.0
-1003.0210000000001
-1002.001
-999.6270000000001
-1003.016
-1003.006
-1001.819
-1002.64
-990.826
-1002.193
-1000.567
-1000.618
-1003.0120000000001
-10002.1834
-221.2
-1002.635
-10001.182
-212.60000000000002
-999.374
-1002.015
-1002.635
-1001.821
-1002.001
-1001.623
-1002.015
-1001.619
-1002.635
-1000.618
-1000.618
-1000.567
-1002.64
-1000.618
-993.087
-1000.365
-1000.365
-1002.001
-1000.618
-1003.797
-1002.635
-1002.635
-1000.618
-1002.635
-1002.64
-999.619
-1002.64
-1004.617
-1002.015
-1002.64
-1001.9970000000001
-1278.9
-1000.815
-1000.041
-1002.64
-1002.001
-1002.64
-1005.8580000000001
-504.1000000000001
-1004.391
-10296.9
-10298.099999999999
-326.5
-10001.182
-10001.182
-262.9
-10000.2203
-212.60000000000002
-10001.182
-184.5
-10001.182
-10000.2502
-10000.1836
-9999.1919
-10001.182
-9999.1848
-213.7
-1002.711
-1001.381
-10001.182
-10002.1828
-136.8
-1002.797
-10002.1201
-1003.039
-1001.368
-10001.182
-1003.638
-224.2
-1004.681
-10000.1789
-1000.815
-10001.182
-212.60000000000002
-10001.182
-10001.180900000001
-214.8
-212.60000000000002
-1004.005
-212.60000000000002
-10001.197
-212.60000000000002
-10001.182
-10005.2032
-10002.1826
-10001.182
-10002.189
-417.1999999999989
-1.794899999998961
-0.7994999999991705
-1.7987999999986641
-212.60000000000002
-10000.1789
-212.60000000000002
-212.60000000000002
-10002.1824
-212.60000000000002
-10000.1789
-10001.182
-1002.635
-10001.182
-1005.009
-1000.365
-215.4
-10001.182
-212.60000000000002
-212.60000000000002
-217.10000000000002
-10002.1825
-10002.182200000001
-10001.182
-999.234
-261.8
-212.60000000000002
-10000.1789
-212.60000000000002
-10297.3
-10001.182
-10000.217700000001
-10001.182
-326.5
-1004.506
-213.7
-149.2
-1002.546
-9801.5
-10002.182700000001
-10003.120200000001
-10001.182
-215.5
-1005.6370000000001
-10001.19
-9999.1221
-213.7
-1002.001
-370.70000000000005
-10001.182
-212.0
-226.0
-212.60000000000002
-212.60000000000002
-9990.473800000002
-10001.182
-10001.1862
-9999.1951
-218.0
-9999.1995
-10001.182
-135.3
-135.3
-249.20000000000002
-135.3
-135.3
-212.60000000000002
-10001.182
-212.60000000000002
-1002.142
-10003.185
-10002.1821
-1003.639
-217.0
-1001.708
-226.0
-10001.1967
-10002.1825
-10002.1825
-264.5
-1003.638
-1003.14
-1004.664
-1002.64
-1002.001
-1003.154
-782.0
-192.8
-219.7
-1001.517
-1002.635
-1002.635
-1003.779
-1004.849
-1003.001
-9999.1995
-916.6
-1001.041
-213.10000000000002
-213.3
-135.1
-999.681
-1002.635
-1002.64
-150.6
-999.876
-311.3
-1001.819
-1003.189
-443.6000000000001
-1002.635
-1003.14
-1003.639
-1004.792
-1002.015
-367.6
-1001.992
-1002.642
-1005.972
-999.663
-1004.415
-1003.003
-10001.1224
-1003.659
-311.8
-1003.025
-223.0
-999.54
-1001.517
-1003.154
-1002.015
-998.081
-1002.64
-425.70000000000005
-1000.815
-1002.142
-220.7
-148.60000000000002
-1000.365
-1003.154
-1002.635
-1003.779
-1004.157
-1002.142
-1000.618
-509.9
-224.0
-1000.198
-10002.183500000001
-1002.635
-1001.821
-222.7
-1002.015
-1002.635
-1003.708
-1003.14
-1003.003
-220.60000000000002
-1001.033
-1003.0120000000001
-214.10000000000002
-1005.696
-311.8
-1003.779
-10203.3
-1002.635
-1000.172
-1003.14
-1002.001
-10001.1042
-1003.251
-150.60000000000002
-1002.791
-212.60000000000002
-1005.0070000000001
-148.5
-1002.015
-1000.618
-1002.64
-1002.64
-1003.01
-330.20000000000005
-1003.14
-1278.9
-1006.594
-10001.182
-212.60000000000002
-212.60000000000002
-213.9
-10001.182
-223.5
-1003.189
-1003.779
-10001.182
-755.0999999999999
-326.5
-10002.1833
-268.20000000000005
-135.3
-212.60000000000002
-10000.1834
-10000.1821
-212.60000000000002
-261.8
-10002.188100000001
-135.3
-1.7991999999994732
-10001.182
-10001.0844
-1001.664
-10001.182
-1001.568
-215.5
-10002.1866
-149.2
-10003.1897
-10000.1789
-10001.182
-152.20000000000002
-999.046
-214.3
-214.7
-10001.182
-212.60000000000002
-10002.1841
-10001.182
-10000.2203
-10001.182
-1002.64
-9999.2403
-10001.182
-10002.189
-10002.1826
-10000.1837
-212.60000000000002
-1002.172
-1005.696
-1002.635
-999.753
-10002.1844
-9999.2427
-252.50000000000003
-10001.2818
-1002.015
-10000.197400000001
-10001.0844
-136.5
-227.8
-216.60000000000002
-1002.001
-1001.517
-1001.642
-10003.1831
-214.2
-10003.1882
-212.60000000000002
-212.60000000000002
-999.674
-212.60000000000002
-1002.635
-1002.015
-212.60000000000002
-115.9
-10012.287400000001
-1000.869
-999.673
-10001.182
-10000.191
-10001.182
-1002.142
-1003.779
-261.8
-212.60000000000002
-212.60000000000002
-212.60000000000002
-213.4
-137.8
-220.60000000000002
-223.0
-10001.182
-212.60000000000002
-10002.121500000001
-10299.9
-212.60000000000002
-10000.246000000001
-10002.1855
-10001.182
-10001.182
-10002.182200000001
-212.60000000000002
-10001.182
-10002.183
-10001.182
-150.6
-216.4
-212.60000000000002
-113.4
-214.0
-10001.182
-139.4
-213.4
-10001.182
-216.8
-212.60000000000002
-10002.1861
-10002.1823
-213.8
-164.3
-1002.6990000000001
-10002.182200000001
-212.60000000000002
-10003.1847
-10002.1831
-150.60000000000002
-1591.1
-1002.015
-217.10000000000002
-9448.5
-212.60000000000002
-10002.182200000001
-10012.383600000001
-214.7
-312.5
-311.3
-212.60000000000002
-114.4
-135.3
-1006.698
-223.8
-249.3
-212.60000000000002
-1001.623
-1001.004
-213.8
-10002.1836
-499.50000000000006
-1003.668
-212.60000000000002
-10003.1873
-1002.64
-1003.642
-10000.1825
-10001.182
-10002.182200000001
-10002.1855
-212.60000000000002
-212.60000000000002
-10003.189400000001
-212.60000000000002
-212.60000000000002
-9990.473800000002
-10003.187600000001
-213.10000000000002
-10002.1836
-10000.1964
-10001.182
-10001.1839
-10001.1836
-319.3
-10002.279700000001
-1003.636
-135.3
-138.4
-9999.1968
-154.0
-1002.635
-213.0
-135.3
-134.6
-10001.202500000001
-134.5
-135.3
-10000.1834
-213.7
-10003.1829
-10001.182
-1002.635
-10001.182
-168.0
-1001.029
-326.5
-217.10000000000002
-1003.779
-1002.015
-10002.1201
-1001.033
-1003.0020000000001
-1001.586
-220.4
-1002.023
-999.722
-1001.784
-212.60000000000002
-212.60000000000002
-212.60000000000002
-261.8
-0.7994999999991705
-215.8
-215.9
-1002.644
-10001.182
-10002.1836
-1002.64
-10002.1826
-10002.1826
-1001.668
-212.60000000000002
-10001.182
-213.8
-221.10000000000002
-10001.182
-1002.001
-10001.182
-1001.693
-10000.1915
-212.60000000000002
-139.7
-212.60000000000002
-10001.182
-10001.182
-10001.182
-250.4
-10001.182
-9723.900000000001
-217.7
-10002.1873
-212.60000000000002
-10002.1855
-10001.182
-152.0
-212.60000000000002
-1002.001
-10000.2322
-263.20000000000005
-135.3
-136.8
-138.1
-140.4
-136.5
-135.3
-135.0
-135.3
-136.6
-135.3
-135.3
-144.3
-212.60000000000002
-1000.618
-212.60000000000002
-1001.6460000000001
-1001.862
-1001.6460000000001
-1001.686
-214.10000000000002
-212.60000000000002
-217.9
-1004.071
-10004.1873
-10001.182
-10002.279700000001
-220.4
-135.3
-10002.182200000001
-10001.202500000001
-1001.018
-216.3
-10002.1996
-212.60000000000002
-143.1
-136.7
-136.7
-10296.9
-135.3
-10002.1826
-315.8
-219.7
-10001.182
-10001.182
-999.397
-10000.1789
-10002.1795
-1001.652
-10002.189
-1001.647
-10000.1789
-10000.1789
-9999.2909
-213.8
-212.60000000000002
-10001.182
-10001.182
-262.70000000000005
-10000.187100000001
-1004.45
-195.9
-10001.182
-212.60000000000002
-183.60000000000002
-10001.182
-998.081
-247.3
-214.3
-272.0
-136.5
-212.60000000000002
-212.60000000000002
-212.60000000000002
-212.60000000000002
-10000.1841
-212.60000000000002
-134.5
-212.60000000000002
-1003.16
-10002.1833
-1004.792
-10299.199999999999
-10003.1214
-10002.0879
-10002.1833
-10001.1855
-10003.1879
-10001.182
-1003.774
-1003.176
-1004.672
-10203.3
-10002.1821
-10000.1821
-10001.182
-212.60000000000002
-212.60000000000002
-313.0
-1002.1370000000001
-212.60000000000002
-153.0
-10002.299500000001
-135.3
-135.3
-10001.1828
-214.8
-10002.1888
-10002.189
-1001.6510000000001
-10001.182
-150.60000000000002
-10001.182
-1002.099
-212.60000000000002
-1006.729
-262.6
-10001.182
-10002.1821
-10000.228500000001
-10001.182
-10002.189
-10002.1836
-10002.279700000001
-10001.182
-10002.189
-213.7
-212.60000000000002
-1001.587
-999.98
-261.8
-152.4
-1000.618
-212.60000000000002
-10001.182
-263.6
-212.60000000000002
-10002.1821
-10002.1836
-10001.1919
-1001.682
-10001.1872
-216.3
-216.3
-149.4
-10001.1916
-10003.1828
-9999.1967
-10001.1975
-212.60000000000002
-135.3
-135.3
-156.7
-214.2
-10001.182
-218.9
-10002.182200000001
-10001.182
-1003.639
-213.8
-10000.191
-215.2
-141.0
-212.60000000000002
-212.60000000000002
-115.9
-214.3
-10001.182
-212.60000000000002
-228.8
-10001.182
-216.7
-10002.2001
-10012.383600000001
-10010.1877
-10001.182
-10001.182
-1004.617
-212.60000000000002
-263.4
-10002.1841
-10000.1867
-9990.513200000001
-10001.182
-10001.182
-1002.995
-1002.635
-1002.015
-212.60000000000002
-1003.779
-216.4
-10001.182
-212.60000000000002
-1004.119
-1001.64
-10002.1888
-1003.025
-380.6
-212.0
-10001.182
-213.10000000000002
-212.60000000000002
-1000.317
-1002.015
-213.10000000000002
-1002.001
-10000.1915
-10001.182
-1002.64
-0.7994999999991705
-10001.182
-10003.1924
-139.20000000000002
-135.3
-135.3
-212.60000000000002
-184.5
-10002.182700000001
-10001.182
-216.2
-213.9
-212.60000000000002
-10001.182
-9990.545600000001
-10002.1888
-212.60000000000002
-10001.182
-1002.015
-260.1
-10001.182
-10001.182
-214.2
-311.3
-10001.182
-150.60000000000002
-10000.1964
-10000.1821
-1003.774
-1002.015
-212.60000000000002
-212.60000000000002
-212.60000000000002
-10001.182
-10002.1988
-10002.1829
-215.3
-1002.015
-135.3
-10001.182
-10000.252700000001
-9999.2317
-9999.134
-1001.6370000000001
-277.70000000000005
-10001.182
-10001.182
-212.60000000000002
-10000.1964
-10002.1843
-10002.1832
-135.3
-212.60000000000002
-138.2
-212.60000000000002
-212.60000000000002
-10001.182
-10001.182
-10001.182
-1000.618
-10002.1836
-212.60000000000002
-184.5
-10001.182
-1002.142
-1007.6220000000001
-1001.162
-10001.182
-10002.1836
-10002.1836
-10002.1836
-10000.2741
-9999.2348
-10000.2409
-9999.1852
-10000.1846
-10000.2349
-218.60000000000002
-1001.666
-1003.117
-1002.668
-214.2
-10000.1846
-1004.032
-10300.3
-1002.635
-1002.635
-10001.182
-10003.2799
-10001.182
-10296.9
-10000.1789
-212.0
-213.8
-212.60000000000002
-0.7994999999991705
-213.8
-214.60000000000002
-217.0
-999.669
-10001.182
-212.60000000000002
-150.10000000000002
-212.60000000000002
-1003.636
-218.8
-1001.65
-334.5
-212.60000000000002
-220.4
-10003.1958
-249.3
-1001.73
-1001.04
-1003.779
-1005.0070000000001
-1002.015
-218.5
-220.60000000000002
-1004.677
-213.0
-10002.1905
-213.9
-212.60000000000002
-1000.735
-214.3
-212.60000000000002
-1002.928
