375.7
419.59999999999997
497.09999999999997
374.59999999999997
375.9
419.59999999999997
419.59999999999997
653.0
399.9
186.10000000000002
352.59999999999997
10000.103000000001
110.4
451.0
2580.4
677.4000000000001
419.59999999999997
213.3
464.4
1005.122
1001.568
1001.409
1004.3679999999999
165.5
1002.698
99.9
394.79999999999995
1000.5809999999999
1003.779
9998.1167
496.9
19.8
213.3
426.5
217.7
200.4
116.1
1002.0659999999999
358.29999999999995
378.9
1004.79
496.9
402.9
419.59999999999997
186.10000000000002
186.10000000000002
403.59999999999997
1003.4169999999999
419.59999999999997
1003.7729999999999
399.9
186.10000000000002
419.59999999999997
186.10000000000002
495.79999999999995
338.7
98.60000000000001
373.7
188.8
375.7
399.9
417.59999999999997
1001.7239999999999
185.4
9998.0546
337.59999999999997
337.59999999999997
1000.6289999999999
381.5
374.59999999999997
401.7
186.10000000000002
186.10000000000002
186.10000000000002
186.10000000000002
186.10000000000002
186.10000000000002
186.10000000000002
369.90000000000003
369.90000000000003
186.10000000000002
186.10000000000002
204.3
186.10000000000002
186.10000000000002
186.10000000000002
186.10000000000002
204.3
1310.8000000000002
186.10000000000002
188.60000000000002
186.10000000000002
419.59999999999997
374.59999999999997
1019.9689999999999
399.9
399.9
374.59999999999997
419.59999999999997
499.29999999999995
418.79999999999995
421.4
399.9
324.5
375.4
322.5
322.29999999999995
496.9
342.2
1004.1709999999999
722.5
419.59999999999997
419.59999999999997
419.59999999999997
419.59999999999997
419.59999999999997
419.59999999999997
419.59999999999997
419.59999999999997
419.59999999999997
438.09999999999997
419.59999999999997
605.7
420.9
419.59999999999997
419.59999999999997
421.09999999999997
419.59999999999997
419.59999999999997
419.59999999999997
421.4
886.4
2939.8
1703.3000000000002
653.0
671.2
536.3
1004.223
516.5999999999999
419.59999999999997
422.59999999999997
419.59999999999997
419.59999999999997
517.5
421.2
419.59999999999997
422.09999999999997
419.59999999999997
419.59999999999997
419.59999999999997
437.79999999999995
419.59999999999997
419.59999999999997
419.59999999999997
722.5
419.59999999999997
438.09999999999997
422.0
722.5
419.59999999999997
722.5
419.59999999999997
419.59999999999997
722.4000000000001
418.79999999999995
418.7
419.59999999999997
419.59999999999997
419.59999999999997
419.59999999999997
419.59999999999997
419.59999999999997
419.59999999999997
435.0
419.59999999999997
839.1999999999999
622.1999999999999
425.9
769.7
399.5
187.7
186.10000000000002
419.59999999999997
419.59999999999997
403.4
379.29999999999995
384.59999999999997
375.9
10001.1145
399.9
399.9
399.9
593.9
402.29999999999995
399.9
399.9
496.9
399.5
399.9
399.9
399.9
403.0
1004.1709999999999
401.59999999999997
439.2
1002.0659999999999
407.9
458.9
186.10000000000002
738.8999999999999
356.0
513.8
419.59999999999997
1032.875
1002.0659999999999
419.59999999999997
1005.0329999999999
416.29999999999995
376.0
399.9
1001.583
336.2
1001.554
430.0
375.5
1001.554
339.29999999999995
9998.0538
2003.62
352.59999999999997
1000.559
352.59999999999997
9999.0528
97.10000000000001
1001.083
432.09999999999997
419.59999999999997
186.10000000000002
186.10000000000002
399.9
9999.1162
375.5
374.59999999999997
196.10000000000002
186.10000000000002
394.79999999999995
488.99999999999994
342.2
204.3
488.99999999999994
378.2
404.79999999999995
1017.9799999999999
374.59999999999997
374.59999999999997
374.59999999999997
374.59999999999997
374.59999999999997
407.9
446.29999999999995
446.29999999999995
374.59999999999997
374.59999999999997
1003.261
374.09999999999997
168.3
413.9
373.79999999999995
375.9
374.59999999999997
165.9
379.7
446.29999999999995
374.59999999999997
384.59999999999997
446.29999999999995
384.59999999999997
374.59999999999997
336.4
407.4
591.2
401.0
186.10000000000002
1001.568
10001.0329
374.59999999999997
420.79999999999995
516.3
517.7
401.09999999999997
186.10000000000002
185.2
419.79999999999995
375.9
401.2
419.59999999999997
136.7
447.4
374.59999999999997
1000.5909999999999
186.10000000000002
419.59999999999997
1017.1519999999999
420.79999999999995
9998.1164
89.60000000000001
446.29999999999995
377.2
399.09999999999997
419.59999999999997
352.59999999999997
131.0
9999.0528
374.59999999999997
378.2
187.2
126.7
186.10000000000002
1016.9549999999999
419.59999999999997
766.0
1002.7779999999999
458.9
352.59999999999997
1004.324
342.2
343.9
1005.0509999999999
1001.554
1001.0909999999999
416.5
2002.922
9999.0528
10011.3128
315.29999999999995
315.29999999999995
315.29999999999995
746.0
513.2
1000.082
9999.0528
10002.026
389.4
1004.3449999999999
374.59999999999997
399.9
99.8
378.09999999999997
1002.0659999999999
402.9
403.4
313.4
419.59999999999997
568.5
1003.781
399.9
400.79999999999995
303.5
435.0
51.5
413.9
382.29999999999995
374.59999999999997
419.59999999999997
186.10000000000002
488.99999999999994
378.9
410.19999999999993
399.9
399.9
314.7
186.10000000000002
419.59999999999997
186.10000000000002
374.59999999999997
423.7
488.99999999999994
186.10000000000002
186.10000000000002
169.10000000000002
186.10000000000002
186.10000000000002
186.10000000000002
1003.226
421.5
399.9
399.9
399.9
448.59999999999997
399.9
391.0
186.10000000000002
193.0
1527.2
439.2
186.10000000000002
399.9
419.59999999999997
419.59999999999997
399.9
399.9
399.9
354.0
424.7
186.10000000000002
186.10000000000002
186.10000000000002
418.79999999999995
399.4
186.10000000000002
374.59999999999997
407.09999999999997
399.9
399.9
515.9
399.9
186.10000000000002
418.7
399.9
722.5
326.49999999999994
505.4
395.79999999999995
10001.0205
399.9
1003.4419999999999
10000.1099
495.6
407.9
1004.1709999999999
2002.77
1003.247
458.9
115.4
380.79999999999995
196.8
1002.9449999999999
1001.2209999999999
9999.1167
1194.0
399.59999999999997
193.3
134.7
342.2
402.79999999999995
110.4
447.9
1003.5759999999999
396.59999999999997
189.3
539.4
10003.1248
1001.189
1003.4709999999999
257.8
1003.7729999999999
2002.339
416.0
1005.034
1004.3679999999999
376.9
1002.193
10000.1167
1502.4
1004.3679999999999
1002.193
536.3
1015.3449999999999
325.29999999999995
1003.7239999999999
1000.574
446.0
283.3
702.8
394.79999999999995
511.5
1510.9
336.2
10001.1094
647.1
394.79999999999995
346.59999999999997
9999.0209
1000.584
419.59999999999997
10001.1342
1004.1199999999999
9999.0542
10001.1342
9999.0542
194.2
417.2
1413.3000000000002
697.6999999999999
452.9
110.4
10000.0543
415.79999999999995
470.7
191.2
1002.4159999999999
681.3
10002.119200000001
1003.9179999999999
399.9
1001.554
1007.7769999999999
1014.939
1003.632
396.19999999999993
436.59999999999997
1508.5
1508.5
1508.5
1508.5
1508.5
1508.5
1508.5
1508.5
1508.5
1508.5
220.8
1001.568
394.79999999999995
1001.568
436.59999999999997
1957.2000000000003
419.59999999999997
110.4
10001.1236
394.79999999999995
1005.1229999999999
394.79999999999995
684.9
336.2
376.9
1490.5
1002.193
1000.434
1805.3000000000002
419.59999999999997
1001.568
336.2
394.7
999.583
1004.3679999999999
374.59999999999997
591.1
90.2
446.29999999999995
337.59999999999997
1002.193
419.59999999999997
110.4
1002.188
413.9
399.59999999999997
342.2
2006.186
1016.7719999999999
110.4
1003.9749999999999
434.09999999999997
10003.1465
110.10000000000001
1000.0659999999999
226.60000000000002
1001.568
9999.0542
10002.1105
1001.554
394.79999999999995
382.59999999999997
348.0
10001.1094
1017.0489999999999
1004.0699999999999
95.5
1000.5889999999999
439.2
1232.2
436.59999999999997
1002.0659999999999
10001.1342
9999.1167
2006.382
1003.996
419.59999999999997
376.9
374.59999999999997
1786.6
1527.2
1484.0
54.0
9999.1167
314.7
391.59999999999997
421.2
110.10000000000001
392.9
376.9
1000.0659999999999
1175.0
283.1
439.4
137.0
396.2
1000.0659999999999
405.29999999999995
436.59999999999997
436.59999999999997
1004.775
1001.1919999999999
18.0
1002.193
342.2
1004.223
10002.0893
1002.188
110.10000000000001
522.0
1003.2349999999999
1000.4259999999999
436.59999999999997
11001.739
10000.1176
10002.112000000001
10001.0611
385.5
1017.6579999999999
415.5
415.5
415.5
415.5
415.5
415.5
415.5
415.5
9999.1167
10002.101200000001
1004.3679999999999
394.79999999999995
133.0
1002.669
396.69999999999993
1019.2749999999999
10012.2845
10001.0687
9999.1162
446.29999999999995
419.59999999999997
189.0
127.5
377.7
353.7
374.59999999999997
2005.5369999999998
1830.1000000000001
193.9
439.4
10001.1094
1497.0
2001.918
10001.1145
1001.741
1002.069
1000.6909999999999
420.69999999999993
10002.1145
1460.0
1002.986
9999.1732
2002.902
110.10000000000001
381.4
1001.423
361.59999999999997
186.10000000000002
1004.1709999999999
729.3
401.69999999999993
165.9
1005.1339999999999
1006.6429999999999
402.4
515.0999999999999
980.4
115.5
436.59999999999997
436.0
1000.6199999999999
375.5
399.79999999999995
729.3
1001.741
1004.468
436.59999999999997
1544.2
454.29999999999995
387.0
1015.8799999999999
1000.0659999999999
9999.0542
110.4
999.0559999999999
397.29999999999995
394.79999999999995
10001.1094
1001.554
413.9
10012.2213
305.7
580.9
1507.5
413.29999999999995
681.3
439.2
162.8
9999.1162
9999.0635
1000.0519999999999
999.1959999999999
999.193
407.0
1002.2109999999999
419.59999999999997
1016.728
1001.717
399.9
438.09999999999997
374.0
417.9
426.7
313.4
419.59999999999997
186.10000000000002
438.79999999999995
419.59999999999997
415.7
5.788000000000011
528.3
456.79999999999995
342.2
399.9
498.2
376.0
312.2
429.29999999999995
1303.7
419.59999999999997
10000.0195
382.9
186.10000000000002
384.59999999999997
399.9
419.59999999999997
110.4
605.7
188.9
186.10000000000002
374.59999999999997
399.9
399.9
10010.4275
374.59999999999997
337.79999999999995
419.59999999999997
187.3
419.59999999999997
375.7
419.59999999999997
712.0
399.9
399.9
399.9
186.10000000000002
1000.5709999999999
10009.3858
1014.9619999999999
186.10000000000002
419.59999999999997
419.59999999999997
185.3
400.4
439.2
421.0
722.5
653.0
399.9
418.79999999999995
399.4
376.9
419.59999999999997
186.10000000000002
402.4
374.59999999999997
419.59999999999997
443.0000000000001
399.59999999999997
186.10000000000002
420.9
419.59999999999997
1541.1000000000001
419.59999999999997
399.59999999999997
388.2
399.9
377.7
438.5
186.10000000000002
399.9
862.7
186.10000000000002
186.10000000000002
186.10000000000002
186.10000000000002
374.59999999999997
399.9
488.99999999999994
282.6
458.9
401.29999999999995
516.5999999999999
424.5
516.3
421.0
10013.4655
743.0999999999999
378.79999999999995
355.7
419.59999999999997
186.10000000000002
399.9
399.9
419.59999999999997
439.2
399.9
399.9
10012.4285
516.8
399.9
399.4
399.9
420.5
399.9
407.59999999999997
399.9
399.9
399.0
401.0
401.4
399.9
373.9
401.0
10010.3485
1492.5
399.9
410.4
204.60000000000002
399.9
444.0
399.9
400.7
399.9
622.1999999999999
416.0
399.9
450.5
374.59999999999997
374.59999999999997
488.99999999999994
399.9
198.5
399.9
516.5999999999999
378.59999999999997
399.9
399.9
186.10000000000002
204.60000000000002
413.9
399.9
384.59999999999997
1004.9849999999999
399.9
374.59999999999997
425.29999999999995
186.2
374.59999999999997
2003.3449999999998
376.09999999999997
398.09999999999997
377.29999999999995
374.59999999999997
494.09999999999997
168.9
325.29999999999995
399.2
400.0
1000.5649999999999
1016.1629999999999
412.9
9999.0231
460.7
438.9
722.5
419.59999999999997
352.59999999999997
418.9
394.79999999999995
399.9
399.9
1014.8169999999999
719.1999999999999
399.9
374.59999999999997
399.9
767.5999999999999
419.59999999999997
278.0
399.9
204.60000000000002
399.5
186.10000000000002
399.9
374.59999999999997
374.59999999999997
399.0
375.79999999999995
374.59999999999997
1016.8469999999999
1014.67
488.99999999999994
428.0
436.0
722.5
729.5999999999999
419.59999999999997
321.09999999999997
379.7
376.2
374.79999999999995
399.9
422.29999999999995
419.59999999999997
419.59999999999997
411.2
354.0
436.0
426.79999999999995
436.0
419.59999999999997
399.9
384.59999999999997
399.9
419.59999999999997
186.10000000000002
415.29999999999995
488.99999999999994
186.10000000000002
186.10000000000002
186.10000000000002
1544.2
134.0
401.2
1001.068
1001.409
186.10000000000002
187.4
399.9
618.1999999999999
401.4
186.10000000000002
399.9
374.59999999999997
418.9
186.10000000000002
399.9
419.59999999999997
524.4
2003.779
399.9
186.10000000000002
409.9
488.99999999999994
399.9
399.9
419.59999999999997
399.9
419.59999999999997
488.99999999999994
419.59999999999997
186.10000000000002
373.9
374.59999999999997
1014.131
419.59999999999997
204.60000000000002
494.3999999999999
488.99999999999994
394.79999999999995
399.9
1002.0659999999999
1003.2719999999999
374.59999999999997
399.59999999999997
375.9
186.10000000000002
186.10000000000002
399.9
494.7
2006.841
419.59999999999997
196.3
1019.16
186.10000000000002
369.90000000000003
186.10000000000002
186.10000000000002
1014.9619999999999
421.0
423.79999999999995
419.59999999999997
186.10000000000002
186.10000000000002
186.10000000000002
193.0
419.7
401.0
488.4
197.2
186.10000000000002
1000.5759999999999
419.59999999999997
394.79999999999995
419.59999999999997
186.10000000000002
186.10000000000002
204.3
186.10000000000002
186.10000000000002
186.10000000000002
186.10000000000002
1524.8000000000002
189.2
419.59999999999997
186.10000000000002
186.10000000000002
908.5999999999999
1014.9619999999999
186.10000000000002
458.9
186.10000000000002
419.59999999999997
186.10000000000002
204.60000000000002
186.10000000000002
186.10000000000002
186.10000000000002
9999.1162
186.10000000000002
399.9
419.59999999999997
187.0
374.59999999999997
337.4
399.9
374.59999999999997
374.59999999999997
9997.0566
399.9
419.0
401.5
374.59999999999997
399.9
99.9
419.59999999999997
399.9
418.4
186.10000000000002
399.0
399.2
342.2
187.10000000000002
186.10000000000002
399.9
399.9
415.59999999999997
488.99999999999994
419.59999999999997
712.8
399.9
186.10000000000002
1016.9549999999999
1017.0999999999999
384.0
429.59999999999997
488.9
429.59999999999997
214.3
399.9
374.59999999999997
401.59999999999997
399.9
399.9
186.10000000000002
419.59999999999997
404.7
354.0
419.59999999999997
439.9
399.9
399.9
186.10000000000002
413.9
1000.435
187.7
419.59999999999997
381.4
419.59999999999997
408.2
519.5
1001.554
399.9
186.10000000000002
722.5
446.29999999999995
399.9
1002.7719999999999
278.0
96.5
93.4
374.59999999999997
375.79999999999995
186.10000000000002
504.9
399.9
9999.0542
186.10000000000002
399.9
399.9
374.59999999999997
413.9
423.5
399.9
399.9
1001.6289999999999
445.0
392.29999999999995
9999.0542
1000.555
419.59999999999997
375.5
187.0
374.59999999999997
401.7
399.9
491.29999999999995
1001.554
399.9
374.59999999999997
469.29999999999995
1001.554
419.79999999999995
399.9
466.0
420.79999999999995
131.9
1001.554
1001.559
536.3
376.4
1002.2149999999999
424.29999999999995
491.29999999999995
399.9
488.99999999999994
384.59999999999997
1001.554
999.704
374.59999999999997
413.0
399.9
186.10000000000002
399.9
425.7
430.09999999999997
186.10000000000002
374.7
186.10000000000002
1017.1519999999999
385.09999999999997
399.9
305.5
420.9
999.4209999999999
192.9
419.59999999999997
422.09999999999997
419.59999999999997
399.9
399.9
458.9
399.9
419.59999999999997
186.10000000000002
185.60000000000002
186.10000000000002
186.10000000000002
419.59999999999997
429.2
399.29999999999995
413.9
376.4
729.5999999999999
418.79999999999995
374.59999999999997
409.09999999999997
374.59999999999997
684.5999999999999
1016.8499999999999
374.59999999999997
1001.554
999.6783999999989
406.7
451.6
404.4
1001.568
678.8999999999999
409.0
420.7
436.0
419.59999999999997
418.9
376.09999999999997
186.10000000000002
204.60000000000002
492.59999999999997
186.10000000000002
341.0
605.7
278.0
1018.915
689.0
374.2
187.60000000000002
186.10000000000002
402.29999999999995
399.5
1003.054
1002.5559999999999
400.79999999999995
384.59999999999997
419.59999999999997
374.59999999999997
491.29999999999995
413.9
536.3
1016.1189999999999
1016.8469999999999
374.59999999999997
312.9
492.2
377.29999999999995
1018.9749999999999
439.59999999999997
422.29999999999995
467.79999999999995
399.9
458.9
376.0
10320.5
501.3999999999999
399.29999999999995
1017.2969999999999
186.10000000000002
419.59999999999997
399.9
520.5
399.9
419.59999999999997
419.59999999999997
189.7
399.9
188.7
419.59999999999997
186.10000000000002
185.4
419.59999999999997
721.5999999999999
420.29999999999995
528.3
186.10000000000002
399.9
438.09999999999997
399.9
399.9
419.59999999999997
419.59999999999997
432.0
418.4
605.7
419.59999999999997
399.29999999999995
1006.131
1006.131
1006.131
399.9
319.29999999999995
728.1999999999999
399.9
722.5
10011.4074
402.59999999999997
186.10000000000002
419.59999999999997
186.10000000000002
204.3
488.99999999999994
399.7
420.79999999999995
458.9
185.2
520.5
9998.1232
186.10000000000002
375.79999999999995
496.0
399.9
488.99999999999994
1000.588
402.7
420.79999999999995
186.10000000000002
399.9
419.59999999999997
419.59999999999997
399.9
399.9
136.4
446.29999999999995
186.10000000000002
399.9
186.10000000000002
492.09999999999997
133.5
186.10000000000002
192.4
377.7
463.5
419.59999999999997
419.59999999999997
337.59999999999997
1000.559
373.09999999999997
190.3
411.79999999999995
383.9
435.79999999999995
401.59999999999997
728.5999999999999
401.29999999999995
466.09999999999997
1002.197
421.0
1002.1959999999999
1018.9929999999999
419.59999999999997
399.9
186.10000000000002
99.3
394.79999999999995
1014.9619999999999
394.79999999999995
186.10000000000002
399.9
722.5
186.10000000000002
399.5
10450.6
204.3
186.10000000000002
186.10000000000002
447.5
1016.9549999999999
500.9
401.29999999999995
399.9
422.79999999999995
399.9
488.99999999999994
419.59999999999997
211.20000000000002
193.0
401.69999999999993
193.0
381.5
1002.193
186.10000000000002
399.9
376.9
374.59999999999997
574.4
399.9
419.59999999999997
423.5
423.5
331.59999999999997
186.10000000000002
399.9
388.79999999999995
186.10000000000002
419.59999999999997
413.4
418.79999999999995
10515.8
461.09999999999997
186.10000000000002
461.4
186.10000000000002
488.99999999999994
399.9
419.59999999999997
399.9
419.59999999999997
491.29999999999995
426.7
426.7
739.5999999999999
186.10000000000002
121.9
186.10000000000002
399.9
186.10000000000002
186.10000000000002
188.60000000000002
374.59999999999997
419.59999999999997
186.10000000000002
419.59999999999997
488.99999999999994
378.79999999999995
393.4
426.7
426.7
186.10000000000002
186.10000000000002
399.9
410.4
186.10000000000002
186.10000000000002
186.10000000000002
488.99999999999994
399.9
496.9
1017.2969999999999
528.3
528.3
186.10000000000002
196.4
186.10000000000002
379.7
385.09999999999997
488.59999999999997
186.10000000000002
468.79999999999995
374.59999999999997
419.59999999999997
399.9
2035.9
498.2
342.2
458.9
461.2
477.4
458.9
360.79999999999995
361.59999999999997
413.9
458.9
413.9
722.5
414.7
417.7
415.5
1521.5
415.2
415.4
413.9
342.2
458.9
528.3
413.9
413.9
426.5
458.9
438.9
458.9
413.9
528.3
438.09999999999997
375.7
437.79999999999995
419.59999999999997
1003.7729999999999
419.59999999999997
374.59999999999997
722.5
419.59999999999997
419.59999999999997
419.59999999999997
391.4
10003.1252
399.9
399.9
1017.8639999999999
187.60000000000002
505.4
399.9
419.59999999999997
1004.039
186.10000000000002
419.59999999999997
488.99999999999994
419.59999999999997
419.59999999999997
419.59999999999997
186.10000000000002
186.10000000000002
677.5
189.10000000000002
722.5
399.9
399.9
419.59999999999997
187.8
399.9
449.4
1002.5699999999999
416.0
1547.2
421.4
397.5
734.8999999999999
432.0
432.0
432.0
432.0
737.3999999999999
198.5
432.0
399.9
419.59999999999997
399.9
536.3
186.10000000000002
722.5
399.9
1000.573
375.5
399.9
420.79999999999995
1001.568
1003.3009999999999
399.9
220.0
186.10000000000002
399.9
726.3
689.8999999999999
386.99999999999994
387.0
1006.3449999999999
433.4
186.10000000000002
436.7
1001.554
1029.04
461.09999999999997
421.5
307.09999999999997
404.09999999999997
406.0
1005.03
432.0
421.5
319.29999999999995
1583.2
1006.184
1000.116
722.5
417.59999999999997
722.5
436.0
415.09999999999997
399.9
186.10000000000002
399.9
791.9
591.2
499.79999999999995
1615.3000000000002
536.3
595.7
819.4999999999999
564.3
491.29999999999995
536.3
423.5
536.3
1750.3000000000002
1624.2
653.0
622.1
543.4
536.3
536.3
536.3
539.4
536.3
536.3
503.79999999999995
452.9
894.1
403.0
1002.959
399.9
399.9
738.8999999999999
761.8
394.2
481.7
429.59999999999997
375.79999999999995
900.8
186.10000000000002
422.7
722.5
458.9
10010.384600000001
380.4
407.5
481.59999999999997
399.9
419.59999999999997
399.9
374.59999999999997
399.9
399.9
423.79999999999995
419.59999999999997
419.59999999999997
115.5
419.59999999999997
399.9
399.2
488.4
399.9
186.10000000000002
385.09999999999997
689.8999999999999
399.9
420.59999999999997
1001.708
1527.2
724.8999999999999
374.59999999999997
374.59999999999997
399.9
722.5
1024.5
1537.7
399.9
605.7
407.9
186.10000000000002
399.2
399.9
423.79999999999995
399.9
402.79999999999995
188.10000000000002
399.9
186.10000000000002
399.9
399.9
399.9
9999.018900000001
374.59999999999997
374.59999999999997
419.59999999999997
186.10000000000002
186.10000000000002
488.99999999999994
687.5
186.10000000000002
374.59999999999997
399.9
376.9
193.8
503.49999999999994
374.2
1001.554
1019.709
399.9
105.60000000000001
336.2
197.1
488.99999999999994
399.79999999999995
376.9
399.9
10000.0542
418.7
399.9
419.59999999999997
1003.3689999999999
1014.8219999999999
1006.3699999999999
278.0
491.5
401.79999999999995
399.9
302.79999999999995
394.59999999999997
419.59999999999997
377.4
374.59999999999997
518.0
394.79999999999995
729.9
190.3
452.9
186.10000000000002
419.59999999999997
186.10000000000002
419.59999999999997
187.60000000000002
186.10000000000002
186.10000000000002
186.10000000000002
110.4
192.4
186.10000000000002
419.59999999999997
400.0
403.4
419.59999999999997
1490.5
1531.4
337.59999999999997
419.59999999999997
429.59999999999997
1015.1399999999999
1002.582
419.59999999999997
374.59999999999997
998.68
516.3
1002.2109999999999
1016.6399999999999
419.59999999999997
1643.9
337.59999999999997
421.09999999999997
1018.2299999999999
1440.4
999.606
1002.2109999999999
1017.127
2004.404
530.5999999999999
399.9
399.9
1018.411
419.59999999999997
186.10000000000002
419.59999999999997
1000.4259999999999
438.9
399.9
516.5999999999999
399.9
399.9
204.60000000000002
454.5
186.10000000000002
185.4
419.59999999999997
722.5
399.59999999999997
186.10000000000002
186.10000000000002
396.09999999999997
399.9
354.09999999999997
425.4
399.9
419.59999999999997
185.2
405.09999999999997
410.2
10539.7
336.2
503.7
428.4
425.7
304.79999999999995
736.5999999999999
387.0
374.2
401.09999999999997
399.9
567.0
419.59999999999997
1017.704
400.79999999999995
479.29999999999995
491.29999999999995
528.3
505.4
423.0
422.59999999999997
399.9
399.9
399.9
399.9
399.9
399.9
1844.6
386.99999999999994
186.10000000000002
622.1
436.0
443.09999999999997
1005.429
999.755
1014.9569999999999
399.9
185.4
222.10000000000002
186.10000000000002
1004.026
10001.1342
419.59999999999997
186.10000000000002
327.79999999999995
1002.2109999999999
376.9
419.59999999999997
374.59999999999997
186.10000000000002
115.2
186.10000000000002
419.59999999999997
995.2
374.59999999999997
399.9
306.5
488.99999999999994
186.10000000000002
429.9
1001.217
1017.9369999999999
1017.2969999999999
1000.433
399.09999999999997
677.5
403.5
1017.3079999999999
1017.1519999999999
1125.8000000000002
1002.0659999999999
1017.1519999999999
1004.026
1005.14
1005.313
743.8
1016.9549999999999
1002.2099999999999
1004.223
1005.252
1004.223
1032.914
1004.223
538.8
1021.3009999999999
1017.1519999999999
1017.1519999999999
1002.0659999999999
1016.9549999999999
1901.8000000000002
1017.1519999999999
1017.1519999999999
1016.9549999999999
1000.2719999999999
1014.8169999999999
1017.1519999999999
1001.409
1017.1519999999999
1545.4
1017.1519999999999
2003.62
1383.3000000000002
1005.2439999999999
1003.568
1001.4369999999999
1002.0659999999999
20.3
374.59999999999997
1002.28
422.5
192.10000000000002
421.0
474.5
419.59999999999997
1017.2969999999999
1018.4469999999999
384.09999999999997
186.10000000000002
458.9
340.09999999999997
419.59999999999997
303.9
186.10000000000002
186.10000000000002
488.59999999999997
182.10000000000002
1017.1519999999999
1714.4000000000003
1017.2969999999999
186.10000000000002
422.09999999999997
1014.5459999999999
186.10000000000002
419.59999999999997
308.9
399.9
410.4
399.9
399.9
516.3
399.9
405.79999999999995
404.79999999999995
419.59999999999997
407.9
376.0
115.6
186.10000000000002
399.9
488.99999999999994
1000.578
405.29999999999995
374.59999999999997
1001.554
413.9
132.10000000000002
374.59999999999997
399.9
420.9
1001.554
374.59999999999997
2004.422
399.9
468.79999999999995
495.5
186.10000000000002
399.9
374.59999999999997
692.8999999999999
1004.223
421.0
399.9
283.3
399.9
1004.3679999999999
1724.1000000000001
1016.1639999999999
399.9
421.09999999999997
1001.568
1003.876
10001.0199
9998.0557
586.0
383.79999999999995
355.0
369.5
438.4
1016.7019999999999
419.59999999999997
488.99999999999994
399.9
399.9
399.9
189.0
376.9
458.9
99.9
704.2
374.59999999999997
1025.4
399.7
374.59999999999997
374.59999999999997
399.9
621.8
186.10000000000002
402.09999999999997
317.5
1019.06
419.59999999999997
186.10000000000002
408.4
458.0
186.10000000000002
10011.4271
186.10000000000002
430.79999999999995
405.7
399.9
110.4
374.59999999999997
473.2
1018.1739999999999
413.9
516.5999999999999
440.29999999999995
399.9
437.7
394.5
437.7
399.9
516.3
421.0
436.5
186.10000000000002
406.0
374.59999999999997
491.29999999999995
924.0
496.59999999999997
1021.3079999999999
616.2
378.5
441.29999999999995
728.5
419.59999999999997
1019.3269999999999
601.4
421.79999999999995
394.79999999999995
421.5
1004.8969999999999
373.7
401.5
399.9
399.9
399.9
399.9
421.2
399.9
186.10000000000002
378.5
1257.0
419.59999999999997
419.59999999999997
380.4
399.9
400.59999999999997
488.99999999999994
398.7
413.2
9999.1162
1846.0
1013.6379999999999
337.59999999999997
374.59999999999997
2005.2999999999997
1017.1519999999999
1000.6149999999999
399.9
422.0
399.09999999999997
10000.0403
399.9
374.59999999999997
374.59999999999997
376.09999999999997
135.7
374.59999999999997
374.59999999999997
380.9
439.2
376.0
394.2
438.09999999999997
1001.2719999999999
186.10000000000002
399.9
437.79999999999995
423.0
226.1
1002.5569999999999
186.10000000000002
186.10000000000002
386.29999999999995
413.9
1018.3
400.09999999999997
1831.5
1014.0029999999999
374.59999999999997
1003.7729999999999
478.5
374.59999999999997
423.5
186.10000000000002
376.0
186.10000000000002
186.10000000000002
186.10000000000002
186.10000000000002
186.10000000000002
1015.5999999999999
187.2
399.0
1016.6529999999999
831.2
406.9
374.59999999999997
186.10000000000002
186.10000000000002
399.0
186.10000000000002
419.59999999999997
1016.021
1000.579
186.10000000000002
424.9
1016.3649999999999
649.9
186.10000000000002
722.5
419.59999999999997
196.0
419.59999999999997
1001.568
1002.2109999999999
1002.2109999999999
1006.135
996.5279999999999
1014.9619999999999
450.7
391.0
399.9
947.9
1001.2139999999999
345.5
725.5
413.9
1001.068
536.3
438.5
426.29999999999995
379.2
399.9
188.10000000000002
432.0
402.0
420.79999999999995
399.9
374.59999999999997
186.10000000000002
419.59999999999997
387.0
530.5999999999999
399.9
411.0
189.2
377.7
302.09999999999997
399.9
435.0
624.2
189.10000000000002
512.3
373.7
1002.2109999999999
377.4
399.9
376.59999999999997
419.59999999999997
402.4
497.29999999999995
415.09999999999997
422.7
186.10000000000002
374.79999999999995
374.59999999999997
419.59999999999997
466.0
1005.058
420.79999999999995
374.59999999999997
311.4
716.8
418.4
399.9
1003.2049999999999
536.3
1577.2
1001.505
438.9
1001.823
496.9
375.79999999999995
419.59999999999997
403.0
374.59999999999997
186.10000000000002
593.9
374.59999999999997
458.9
488.99999999999994
401.4
37.599999999999994
490.19999999999993
398.29999999999995
381.7
391.0
1002.6179999999999
399.0
2381.2000000000003
419.59999999999997
186.10000000000002
488.99999999999994
186.10000000000002
419.59999999999997
488.99999999999994
399.9
186.10000000000002
421.4
399.9
204.60000000000002
702.8
399.59999999999997
186.10000000000002
419.59999999999997
374.59999999999997
446.29999999999995
399.9
429.29999999999995
399.9
741.3
421.59999999999997
0.20100000000093132
187.9
1000.1279999999999
1015.9569999999999
186.10000000000002
399.9
186.10000000000002
722.5
186.10000000000002
394.79999999999995
540.0
399.9
422.2
399.9
186.10000000000002
415.29999999999995
376.9
186.10000000000002
398.7
1510.3000000000002
186.10000000000002
399.9
687.5
439.2
722.5
385.09999999999997
404.09999999999997
374.59999999999997
419.59999999999997
493.59999999999997
187.0
419.59999999999997
494.09999999999997
399.9
99.2
1001.2199999999999
399.9
551.3
1001.554
185.0
399.4
516.5999999999999
186.10000000000002
492.8999999999999
336.2
407.9
186.10000000000002
186.10000000000002
419.59999999999997
186.10000000000002
399.9
186.10000000000002
410.4
115.2
425.09999999999997
196.60000000000002
488.99999999999994
516.3
97.8
134.9
133.60000000000002
443.09999999999997
401.0
399.9
419.59999999999997
399.9
419.59999999999997
399.9
399.9
491.29999999999995
305.5
419.59999999999997
1003.9749999999999
399.0
419.59999999999997
186.10000000000002
488.99999999999994
191.8
135.2
419.59999999999997
402.0
401.0
386.09999999999997
399.5
186.10000000000002
192.7
399.9
399.9
473.0
391.0
399.9
636.2
430.9
186.10000000000002
496.5
458.9
458.9
419.59999999999997
374.59999999999997
374.59999999999997
380.4
419.59999999999997
419.59999999999997
462.0
513.8
1014.9019999999999
1001.554
1016.8469999999999
1001.415
410.5
10012.3835
374.59999999999997
393.4
374.59999999999997
415.29999999999995
399.9
421.29999999999995
498.5
191.2
419.59999999999997
399.9
399.9
186.10000000000002
399.9
399.9
399.9
399.9
1001.554
425.4
399.09999999999997
1001.409
186.10000000000002
418.09999999999997
422.4
399.9
410.4
403.5
399.9
429.59999999999997
322.4
418.5
679.3
378.79999999999995
186.10000000000002
1016.3249999999999
1002.722
1001.415
1002.2109999999999
1017.0999999999999
1932.7000000000003
1017.0999999999999
1017.0999999999999
1017.0999999999999
1017.0999999999999
1017.0999999999999
1017.0999999999999
419.59999999999997
399.5
2661.9
393.0
1005.2249999999999
1005.087
1001.409
1017.1519999999999
1017.1519999999999
1006.285
1002.0659999999999
1001.27
1006.4079999999999
1017.1519999999999
1016.9549999999999
1003.7729999999999
1002.579
411.2
401.5
440.0
421.5
374.59999999999997
422.29999999999995
188.8
415.7
305.59999999999997
127.5
477.4
1001.568
419.59999999999997
399.9
187.2
419.59999999999997
309.79999999999995
403.4
374.59999999999997
453.2
419.59999999999997
391.0
420.5
380.0
186.10000000000002
1559.9
496.0
407.0
492.7
189.2
309.3
401.0
423.0
419.59999999999997
399.9
186.10000000000002
488.99999999999994
186.10000000000002
397.09999999999997
374.59999999999997
435.7
1002.2109999999999
10000.135
409.09999999999997
1002.0659999999999
186.10000000000002
186.10000000000002
399.9
374.59999999999997
399.09999999999997
188.2
9998.0588
376.9
186.10000000000002
354.0
374.59999999999997
204.60000000000002
110.6
1002.2109999999999
422.29999999999995
519.5
422.0
399.9
196.60000000000002
186.10000000000002
419.59999999999997
522.7
374.59999999999997
716.8
193.0
187.3
419.59999999999997
732.5
399.9
406.59999999999997
314.7
127.5
1810.4
1004.473
419.59999999999997
394.79999999999995
406.79999999999995
206.3
383.9
1004.0429999999999
186.10000000000002
10014.4234
399.59999999999997
399.9
204.3
186.10000000000002
186.10000000000002
399.9
421.09999999999997
402.2
399.9
436.29999999999995
436.0
319.29999999999995
605.7
186.10000000000002
456.29999999999995
186.10000000000002
204.3
399.9
419.59999999999997
495.5
702.8
399.9
153.0
399.9
402.29999999999995
419.59999999999997
464.7
422.0
1001.554
1016.9979999999999
402.4
421.49999999999994
374.59999999999997
440.2
186.10000000000002
186.10000000000002
1017.9569999999999
1016.1769999999999
1014.6929999999999
1015.021
432.0
422.4
187.2
385.59999999999997
1001.082
399.9
518.2
186.10000000000002
397.09999999999997
419.59999999999997
434.9
419.59999999999997
336.2
399.9
407.9
399.9
186.10000000000002
400.09999999999997
186.10000000000002
186.10000000000002
134.9
1002.0659999999999
1001.0669999999999
399.9
376.29999999999995
419.59999999999997
419.59999999999997
186.10000000000002
419.59999999999997
399.4
186.10000000000002
399.9
186.10000000000002
10011.4074
399.9
186.10000000000002
419.59999999999997
399.9
1000.43
1017.1519999999999
382.79999999999995
416.7
394.59999999999997
374.59999999999997
186.10000000000002
446.29999999999995
446.29999999999995
419.59999999999997
723.5999999999999
186.10000000000002
374.59999999999997
1520.0
1000.578
336.2
419.59999999999997
1322.9
646.0
10001.1353
522.5999999999999
419.59999999999997
419.59999999999997
361.59999999999997
419.59999999999997
185.2
737.0999999999999
610.3
516.9
354.0
186.10000000000002
220.8
1017.2969999999999
407.2
677.5
128.9
446.0
1018.045
342.2
1018.2979999999999
419.59999999999997
399.9
399.9
399.9
419.59999999999997
186.10000000000002
419.59999999999997
399.9
399.9
400.5
419.59999999999997
419.59999999999997
399.09999999999997
399.9
1017.0999999999999
189.10000000000002
518.2
374.59999999999997
438.9
426.5
187.9
399.9
399.9
186.10000000000002
186.10000000000002
399.9
419.59999999999997
410.4
410.4
437.79999999999995
186.10000000000002
401.29999999999995
186.10000000000002
10223.1
9999.0542
10011.4074
10001.1094
10012.4078
10012.4169
10011.4271
9999.0673
10012.4169
9989.368
10002.115
10011.4074
10010.1962
10002.110200000001
9999.0542
10002.0953
9999.1167
10001.1145
9999.1665
10011.4104
10011.4074
10012.4125
10011.193599999999
10001.0329
10011.4271
10010.3114
399.09999999999997
9999.0542
399.9
399.9
401.4
399.9
401.0
186.10000000000002
399.9
419.59999999999997
677.5
1016.9549999999999
399.9
419.79999999999995
9999.0542
10002.0231
10001.0542
10003.17
10011.4271
10013.1968
10009.4081
9998.054900000001
9999.0551
10011.193599999999
10001.0205
10012.205
399.0
1001.121
196.10000000000002
186.10000000000002
410.4
399.9
419.59999999999997
322.29999999999995
186.10000000000002
419.59999999999997
399.59999999999997
185.3
378.2
399.9
187.9
93.5
374.59999999999997
399.9
419.59999999999997
399.9
419.59999999999997
399.9
419.59999999999997
190.3
1026.997
321.4
399.9
186.10000000000002
419.59999999999997
490.59999999999997
436.0
422.2
309.09999999999997
419.59999999999997
1001.554
488.99999999999994
504.99999999999994
204.60000000000002
399.9
399.9
399.9
492.5
375.9
209.7
375.5
186.10000000000002
186.10000000000002
204.3
399.9
186.10000000000002
186.10000000000002
189.3
721.5999999999999
375.5
197.2
186.10000000000002
1502.3000000000002
399.5
399.9
186.10000000000002
186.10000000000002
373.59999999999997
528.3
499.99999999999994
419.59999999999997
186.10000000000002
1029.846
399.9
374.59999999999997
401.5
1002.2109999999999
200.5
118.0
1326.4
1001.27
10496.4
186.10000000000002
399.9
186.10000000000002
419.59999999999997
399.9
399.9
374.59999999999997
186.10000000000002
186.10000000000002
401.0
399.9
419.59999999999997
1001.554
1001.121
338.7
446.29999999999995
518.0
446.29999999999995
458.9
399.9
473.2
419.59999999999997
1016.3999999999999
421.0
399.9
404.5
346.79999999999995
190.7
439.2
193.10000000000002
1016.752
376.79999999999995
186.10000000000002
505.4
186.10000000000002
186.10000000000002
186.10000000000002
186.10000000000002
409.0
186.10000000000002
1002.2109999999999
528.3
410.4
375.7
319.29999999999995
413.0
374.59999999999997
399.9
424.2
199.10000000000002
615.7
381.5
193.0
729.3999999999999
495.9
193.0
193.0
426.5
193.0
193.0
426.5
1002.4159999999999
384.59999999999997
328.09999999999997
596.5
398.9
2007.9779999999998
2003.498
516.4
692.3
402.5
391.4
435.0
400.09999999999997
186.10000000000002
524.7
1018.1539999999999
374.59999999999997
399.9
399.0
419.59999999999997
399.9
419.59999999999997
516.5999999999999
399.9
399.9
186.10000000000002
186.10000000000002
186.10000000000002
9999.0528
373.79999999999995
399.9
419.59999999999997
342.2
1001.068
1002.188
170.10000000000002
1002.193
110.4
339.29999999999995
1001.554
153.0
9999.0542
10003.1167
1000.572
313.4
110.4
1000.1279999999999
1001.554
1002.559
1005.2249999999999
1002.0429999999999
666.8
394.79999999999995
458.9
394.79999999999995
315.29999999999995
452.9
1002.188
1003.7729999999999
413.9
394.79999999999995
374.59999999999997
419.59999999999997
716.8
1006.0459999999999
136.7
1006.121
458.9
9999.1162
115.5
436.0
1002.56
486.5
1004.1199999999999
439.2
342.2
337.59999999999997
431.7
392.29999999999995
375.5
375.5
1004.223
497.29999999999995
738.8999999999999
394.4
1002.188
413.9
1002.193
1004.935
401.2
396.09999999999997
342.2
1002.0659999999999
560.0999999999999
458.9
1002.188
135.2
1017.911
302.8
394.59999999999997
533.5999999999999
110.4
1003.2479999999999
423.99999999999994
1004.223
463.5
375.79999999999995
165.9
424.29999999999995
355.7
704.8
439.4
376.9
1002.193
527.9
319.29999999999995
1001.204
1508.5
413.9
354.0
399.9
1005.2439999999999
1003.9749999999999
443.9
99.9
99.9
413.9
439.4
1000.43
1003.9749999999999
10450.6
9999.1167
516.4
413.9
338.7
110.4
401.69999999999993
1001.2539999999999
230.7
375.2
434.2
1000.5959999999999
438.9
1015.1399999999999
511.5
1004.026
133.60000000000002
110.4
1001.554
536.3
429.59999999999997
419.59999999999997
458.9
716.8
10002.115
1002.637
419.59999999999997
376.9
310.0
1003.53
1004.223
1003.2249999999999
413.9
1003.632
1005.9889999999999
1001.568
396.19999999999993
591.2
2006.9289999999999
491.29999999999995
1003.7729999999999
425.7
1002.193
450.7
394.79999999999995
1001.554
411.2
1242.5
1001.568
496.0
436.7
91.7
1002.5759999999999
134.9
1002.2109999999999
1002.2109999999999
227.89999999999998
435.29999999999995
238.10000000000002
1001.554
1001.554
1003.226
10001.1145
1001.409
769.7
127.5
396.69999999999993
436.0
380.0
1002.193
394.79999999999995
10001.1145
436.59999999999997
1544.2
458.9
413.9
10002.1196
215.3
309.3
394.79999999999995
1001.554
1001.568
376.0
444.99999999999994
1001.7639999999999
1002.2109999999999
386.99999999999994
386.99999999999994
352.59999999999997
416.5
9998.0588
1001.1959999999999
119.4
407.19999999999993
10002.1208
377.7
9999.0542
394.79999999999995
398.0
1002.2149999999999
434.09999999999997
746.0
1000.6289999999999
2002.77
186.10000000000002
352.59999999999997
342.2
591.2
413.4
110.4
551.3
439.4
1002.0659999999999
695.8
136.4
374.59999999999997
113.10000000000001
1000.27
1004.223
398.59999999999997
413.9
374.59999999999997
130.20000000000002
536.3
126.7
9999.0542
375.5
466.09999999999997
311.4
1001.2489999999999
1002.704
377.7
1520.0
1002.2109999999999
441.0
446.29999999999995
1001.121
1003.781
2006.4989999999998
413.9
1018.233
393.0
1003.9749999999999
1007.7769999999999
413.9
2016.6319999999998
593.9
10376.4
186.10000000000002
340.09999999999997
220.9
1006.227
1004.1709999999999
413.9
354.0
10001.1342
1001.568
110.4
738.8999999999999
377.29999999999995
1001.568
110.10000000000001
438.7
413.9
394.79999999999995
401.2
436.0
1003.4709999999999
1000.435
10001.1145
497.29999999999995
532.2
1524.8000000000002
1002.188
593.0
415.7
1000.435
193.3
446.29999999999995
1001.568
377.29999999999995
1005.1229999999999
1001.7639999999999
391.0
455.0
417.29999999999995
374.59999999999997
399.4
399.9
186.10000000000002
186.10000000000002
380.59999999999997
186.10000000000002
471.29999999999995
400.59999999999997
191.3
501.3999999999999
419.59999999999997
402.59999999999997
430.7
374.59999999999997
421.09999999999997
410.4
186.10000000000002
399.9
185.2
186.10000000000002
439.29999999999995
452.9
419.59999999999997
1014.9619999999999
464.4
399.5
1017.2969999999999
401.0
1014.515
186.10000000000002
438.9
374.59999999999997
187.2
622.1
837.5
1001.4659999999999
496.9
1002.0659999999999
448.0
399.9
460.69999999999993
420.79999999999995
399.9
186.10000000000002
413.9
186.10000000000002
374.59999999999997
419.59999999999997
636.1
401.29999999999995
418.4
186.10000000000002
419.59999999999997
419.59999999999997
488.99999999999994
518.2
311.9
534.0
470.5
426.7
684.5999999999999
1846.3000000000002
1001.587
1006.145
204.60000000000002
186.10000000000002
419.59999999999997
374.59999999999997
398.59999999999997
10624.3
421.5
441.4
586.0
912.2
283.1
283.1
186.10000000000002
423.5
408.7
306.79999999999995
425.2
1005.3249999999999
377.29999999999995
536.3
1611.3000000000002
605.7
605.7
516.5999999999999
605.7
397.09999999999997
188.7
187.2
10000.0544
399.9
399.9
1000.572
186.10000000000002
399.59999999999997
301.59999999999997
410.4
399.9
373.7
419.59999999999997
354.0
399.5
419.59999999999997
1017.3079999999999
1004.3789999999999
380.29999999999995
714.0999999999999
186.10000000000002
352.59999999999997
423.09999999999997
724.8999999999999
556.0999999999999
193.0
193.0
406.7
1000.559
1001.554
1016.805
399.9
491.7
399.9
399.9
399.9
399.9
409.2
394.59999999999997
1027.308
438.9
187.7
1003.213
419.59999999999997
304.2
419.59999999999997
722.5
9996.1206
403.79999999999995
1001.568
722.5
10012.4285
513.8
400.5
605.7
419.59999999999997
186.10000000000002
436.59999999999997
10376.4
9271.1
1017.0999999999999
186.10000000000002
399.9
734.8999999999999
399.9
425.09999999999997
458.9
404.09999999999997
399.9
419.59999999999997
10011.193599999999
414.5
1001.409
398.5
399.9
394.79999999999995
193.0
186.10000000000002
436.59999999999997
308.0
186.10000000000002
419.59999999999997
186.10000000000002
1002.246
722.5
407.9
186.10000000000002
374.59999999999997
374.59999999999997
374.59999999999997
399.9
374.59999999999997
399.9
415.29999999999995
419.59999999999997
9998.0543
516.5999999999999
402.7
202.60000000000002
398.59999999999997
399.9
302.9
186.10000000000002
399.9
591.2
399.9
499.4
376.79999999999995
458.9
761.8
831.2
458.9
432.0
432.0
421.79999999999995
9665.7
186.10000000000002
734.8999999999999
999.1139999999999
999.779
186.10000000000002
488.99999999999994
437.79999999999995
608.5
399.9
1016.045
399.9
530.5999999999999
1014.8169999999999
399.9
375.79999999999995
374.59999999999997
403.4
399.9
488.99999999999994
186.10000000000002
115.00000000000001
200.2
1014.4699999999999
429.59999999999997
419.59999999999997
419.59999999999997
419.59999999999997
429.59999999999997
399.9
187.5
420.29999999999995
419.59999999999997
399.9
399.9
186.10000000000002
1002.5759999999999
399.9
375.5
419.59999999999997
1002.108
1016.8499999999999
1017.911
1004.819
1001.7639999999999
1477.3000000000002
2006.4989999999998
1018.6129999999999
1017.4899999999999
1014.6929999999999
1016.054
1002.828
1000.0659999999999
1015.598
1001.9
1000.0659999999999
220.9
702.9
421.79999999999995
399.0
302.0
471.09999999999997
668.7
474.5
1017.3629999999999
1013.6779999999999
399.9
419.59999999999997
413.9
399.9
51.5
496.29999999999995
399.09999999999997
305.0
739.8999999999999
10002.1149
1001.554
9999.0528
373.9
478.2
399.9
407.9
319.29999999999995
391.0
336.7
503.69999999999993
399.59999999999997
420.59999999999997
403.59999999999997
439.79999999999995
402.29999999999995
418.9
416.59999999999997
186.10000000000002
401.4
419.4
418.29999999999995
399.0
186.10000000000002
475.7
399.9
374.59999999999997
1004.7779999999999
472.7
1001.568
376.9
399.9
399.0
444.9
1002.0659999999999
401.4
438.09999999999997
187.3
454.29999999999995
220.8
532.2
442.0
374.59999999999997
376.9
186.10000000000002
137.10000000000002
419.59999999999997
399.9
401.2
400.79999999999995
204.60000000000002
352.59999999999997
326.7
377.5
999.5999999999999
186.10000000000002
9997.1194
353.2
376.9
499.79999999999995
401.59999999999997
748.8999999999999
471.29999999999995
219.9
399.9
1014.9619999999999
419.59999999999997
9999.0542
419.59999999999997
130.20000000000002
186.10000000000002
479.59999999999997
10696.0
419.59999999999997
421.09999999999997
722.5
750.3
419.59999999999997
384.59999999999997
429.59999999999997
387.59999999999997
458.9
399.9
399.9
201.5
399.59999999999997
342.2
419.59999999999997
1001.554
419.59999999999997
1795.4
186.10000000000002
399.9
336.2
725.6999999999999
420.9
402.29999999999995
399.9
354.0
528.3
438.9
321.29999999999995
399.9
405.2
1016.6529999999999
999.573
399.9
419.59999999999997
391.0
186.10000000000002
376.4
424.7
1001.409
379.79999999999995
528.3
499.49999999999994
186.10000000000002
413.9
342.2
422.0
186.10000000000002
186.10000000000002
186.10000000000002
488.99999999999994
1004.1199999999999
377.7
399.59999999999997
496.9
799.5
425.7
399.9
399.9
399.9
186.10000000000002
399.9
399.9
410.4
410.4
399.9
402.4
399.9
399.29999999999995
399.9
399.9
406.0
399.9
439.2
414.79999999999995
413.9
418.79999999999995
384.59999999999997
1016.7019999999999
374.59999999999997
1002.3649999999999
399.79999999999995
342.2
420.7
439.2
501.29999999999995
399.9
402.09999999999997
399.9
407.79999999999995
716.8
387.0
418.09999999999997
399.9
413.9
384.59999999999997
399.9
387.0
302.2
342.2
464.7
458.9
432.0
734.8999999999999
458.9
432.0
734.8999999999999
401.09999999999997
436.0
458.9
312.9
387.0
384.59999999999997
413.9
413.9
378.79999999999995
374.59999999999997
312.9
374.59999999999997
376.0
451.0
438.2
186.10000000000002
387.0
413.9
186.10000000000002
186.10000000000002
188.5
111.5
528.3
419.59999999999997
342.2
429.59999999999997
419.59999999999997
413.9
374.59999999999997
374.59999999999997
831.2
490.3999999999999
399.9
399.9
186.3
413.9
384.59999999999997
495.09999999999997
110.10000000000001
186.10000000000002
1606.6000000000001
192.10000000000002
411.2
404.09999999999997
374.59999999999997
399.9
186.10000000000002
410.4
186.10000000000002
186.10000000000002
425.7
458.9
354.09999999999997
488.99999999999994
186.10000000000002
511.5
399.9
399.09999999999997
402.4
516.5999999999999
426.5
186.10000000000002
186.10000000000002
186.10000000000002
399.9
304.29999999999995
374.59999999999997
186.10000000000002
186.10000000000002
399.9
186.10000000000002
374.59999999999997
374.59999999999997
304.9
399.9
377.09999999999997
342.2
186.10000000000002
611.9
399.9
439.7
186.10000000000002
186.10000000000002
677.5
419.59999999999997
374.59999999999997
399.9
999.4409999999999
342.2
721.5999999999999
186.10000000000002
488.99999999999994
419.59999999999997
405.09999999999997
288.40000000000003
411.0
186.10000000000002
420.9
488.99999999999994
419.59999999999997
204.60000000000002
399.9
186.10000000000002
419.59999999999997
10011.4271
186.10000000000002
186.2
186.10000000000002
1002.5699999999999
437.79999999999995
458.9
1003.9749999999999
186.10000000000002
399.9
419.59999999999997
401.0
186.10000000000002
95.60000000000001
237.20000000000005
238.10000000000002
419.59999999999997
1002.0659999999999
354.0
418.79999999999995
97.8
374.59999999999997
186.10000000000002
912.8000000000001
700.0
399.9
10002.1843
323.69999999999993
411.4
186.10000000000002
193.0
401.4
405.59999999999997
191.8
1018.1469999999999
1018.1469999999999
440.9
523.7
191.8
1000.116
425.29999999999995
382.59999999999997
382.59999999999997
380.7
186.10000000000002
400.09999999999997
400.79999999999995
1017.0999999999999
188.5
420.9
413.9
399.9
399.59999999999997
204.60000000000002
591.0
399.9
458.9
387.0
434.5
432.0
419.59999999999997
422.7
441.2
185.3
186.0
1001.554
390.0
376.9
516.5999999999999
1007.685
399.9
399.9
374.59999999999997
374.59999999999997
342.2
399.9
535.2
491.29999999999995
677.5
401.29999999999995
1003.222
399.9
399.9
337.59999999999997
1001.409
416.29999999999995
512.9
423.7
605.7
399.2
1011.4259999999999
375.2
426.7
399.9
1001.409
374.59999999999997
419.59999999999997
435.29999999999995
134.9
1016.103
458.9
746.0
418.79999999999995
374.59999999999997
399.9
439.2
1001.423
374.59999999999997
419.59999999999997
336.2
98.5
477.09999999999997
479.59999999999997
376.9
398.9
1002.4549999999999
186.10000000000002
186.10000000000002
399.4
484.7
419.59999999999997
401.79999999999995
1015.9639999999999
1001.568
376.9
1001.554
438.9
1002.2109999999999
407.9
1000.574
380.0
439.0
304.2
399.9
412.7
407.9
376.09999999999997
348.0
401.59999999999997
374.59999999999997
399.9
1003.2159999999985
426.9
440.7
374.59999999999997
1003.9749999999999
399.9
453.2
374.59999999999997
1015.598
1404.7000000000003
10002.1356
400.9
186.10000000000002
186.10000000000002
186.10000000000002
186.10000000000002
186.10000000000002
410.4
186.10000000000002
485.59999999999997
410.4
410.4
401.59999999999997
316.5
399.9
399.9
399.9
377.09999999999997
187.5
399.9
186.0
423.2
477.9
189.7
419.59999999999997
399.9
399.9
188.5
374.59999999999997
9999.0542
9999.107
9998.0222
9999.0542
9998.1183
9999.0542
9999.1167
419.59999999999997
458.9
1000.275
1003.689
400.2
402.9
422.59999999999997
422.59999999999997
1162.7
10013.4096
422.59999999999997
189.10000000000002
419.59999999999997
419.59999999999997
429.59999999999997
204.60000000000002
419.59999999999997
422.0
1016.1639999999999
1013.6379999999999
1003.4319999999999
422.09999999999997
399.9
399.0
1001.568
446.29999999999995
419.59999999999997
401.2
419.59999999999997
1002.188
419.59999999999997
516.3
1017.8509999999999
722.5
419.59999999999997
419.59999999999997
374.59999999999997
1001.568
337.4
1018.9609999999999
386.99999999999994
399.9
374.59999999999997
502.09999999999997
401.79999999999995
1601.7000000000003
496.9
186.10000000000002
1001.554
416.4
419.59999999999997
413.9
419.59999999999997
1017.2969999999999
1018.2989999999999
536.3
437.79999999999995
1004.1199999999999
374.59999999999997
513.8
428.7
417.9
1001.554
415.29999999999995
1001.554
422.09999999999997
1000.0709999999999
2004.369
426.7
419.59999999999997
419.59999999999997
399.9
375.79999999999995
319.29999999999995
422.09999999999997
394.79999999999995
2005.884
2001.418
399.9
442.09999999999997
